# t N
13.212405 0
17.446524 1
26.185198 1
37.790535 2
81.659309 2
91.511353 2
97.209865 3
98.249949 2
229.893427 2
245.281724 2
249.464709 2
258.941161 1
324.695996 1
328.217070 1
374.836928 0
378.512185 1
395.530144 0
397.952812 1
467.604054 1
470.260157 2
564.084123 2
587.928790 2
604.127656 3
617.275974 3
680.348306 2
683.382663 3
690.589067 3
699.867247 4
799.797776 3
800.922662 4
805.490116 4
807.675369 5
927.074990 5
939.008184 5
968.689089 4
968.879641 4
972.013153 4
976.013594 5
1038.225752 5
1042.602592 6
1047.854768 6
1049.047258 5
1053.147814 6
1058.997166 6
1060.952649 6
1093.553602 6
1124.931856 5
1127.122628 5
1143.913689 4
1146.171703 5
1164.093805 5
1166.721966 6
1188.096936 6
1197.390868 7
1286.670380 6
1289.247950 7
1289.306487 7
1300.237079 7
1336.320806 7
1338.817349 8
1355.036031 8
1369.119345 9
1399.241258 9
1406.206056 9
1465.325476 8
1480.628097 8
1498.890666 7
1500.570319 7
1540.021343 6
1547.879886 7
1549.464252 7
1549.709077 6
1588.492994 5
1606.778360 6
1611.870227 5
1635.209858 6
1692.599723 5
1695.935144 6
1697.363462 6
1726.257570 6
1745.646635 5
1749.440766 6
1788.770707 5
1815.325746 5
1868.064456 5
1870.963678 5
1895.077001 5
1917.463383 6
1993.300126 6
1996.916234 7
2037.105957 7
2039.934993 7
2080.812355 6
2081.276483 7
2103.154776 6
2112.837070 6
2122.888718 6
2124.302055 6
2125.387012 7
2140.792647 7
2253.522663 6
2254.315940 7
2303.926229 6
2305.783742 7
2324.816542 6
2378.006317 7
2457.271740 6
2461.323497 7
2518.218083 7
2518.874273 8
2683.470516 8
2687.283688 9
2690.235868 8
2694.361892 8
2696.848116 8
2728.162715 8
2731.216555 8
2746.116309 9
2751.058084 9
2759.519358 8
2770.659487 8
2771.150475 7
2885.102369 7
2894.551458 8
2900.840716 8
2902.152924 7
2906.413393 6
2925.957277 6
2963.957409 5
2982.825001 5
2987.513075 6
2993.898199 6
3015.712872 5
3020.478378 5
3031.637373 5
3034.853274 6
3087.103645 6
3088.467678 6
3090.741256 5
3112.301321 5
3129.190332 4
3136.406090 5
3155.281845 5
3168.158910 5
3168.176859 4
3172.639110 5
3187.975805 4
3194.491893 5
3239.128156 5
3250.842189 5
3440.510137 5
3442.633374 6
3450.675166 5
3463.147233 5
3467.562491 5
3468.343513 6
3594.102286 6
3598.140267 7
3601.438379 6
3603.882557 7
3643.287826 6
3663.845743 7
3664.681952 7
3666.347105 7
3703.167072 7
3709.737380 8
3713.688457 7
3719.589381 7
3720.508734 8
3721.830616 7
3743.226402 6
3753.423069 7
3769.032729 6
3770.760271 7
3824.705077 6
3835.391561 7
3837.894292 7
3841.265641 7
3858.176962 8
3859.508243 7
3859.711956 6
3869.533908 7
3953.523236 7
3960.555050 7
3964.633383 7
3966.391255 7
3983.084804 6
3986.403630 7
4048.230513 6
4059.473460 7
4123.389469 6
4124.834759 7
4147.018384 7
4150.392949 8
4160.774523 8
4184.503664 8
4197.472082 8
4209.353995 9
4240.085768 9
4244.964953 9
4298.322903 8
4311.383834 8
4320.684868 8
4323.528575 9
4345.127381 9
4349.621565 9
4412.931918 8
4420.138757 8
4479.414032 8
4482.267960 9
4483.105788 9
4490.883257 9
4514.869199 9
4521.885851 9
4528.138233 10
4529.025889 10
4555.971595 9
4558.164688 10
4572.095428 10
4572.358024 10
4621.673241 9
4631.039952 10
4659.556687 10
4666.187794 11
4725.463376 10
4742.641976 10
4820.571405 10
4827.675180 10
4863.163784 9
4876.615519 10
4945.346820 10
4946.394093 10
5026.261168 10
5030.338951 11
5053.523161 11
5063.274230 12
5101.951392 12
5113.639656 12
5125.785978 11
5130.781465 11
5151.477189 10
5161.430356 11
5168.988664 10
5171.505237 10
5207.713611 10
5214.575325 10
5218.789612 11
5223.103652 11
5288.831925 10
5293.634923 10
5310.974480 9
5312.513948 9
5318.048859 8
5336.060388 8
5385.388985 7
5392.452974 7
5405.472305 7
5406.274390 8
5454.936474 7
5463.357532 7
5467.906281 6
5491.340913 7
5536.262577 7
5538.072586 7
5643.316786 6
5644.227857 7
5673.441355 7
5686.806550 7
5698.840782 6
5699.479632 6
5713.196403 7
5715.287032 7
5739.765706 6
5746.645522 7
5793.617795 6
5802.676924 7
5808.093628 6
5818.832902 6
5823.935727 7
5834.671478 6
5845.990823 5
5849.927918 6
5855.394213 7
5869.707672 7
5900.904065 6
5903.545139 7
5935.543973 7
5940.939888 8
5946.373190 8
5946.720508 9
6009.507011 9
6048.314230 10
6063.749511 11
6067.094386 10
6154.164643 9
6158.097385 10
6165.978587 10
6174.715140 11
6184.292074 11
6186.656205 12
6209.798267 12
6218.460417 12
6224.692629 12
6227.809401 13
6228.434347 13
6228.741927 14
6368.972041 14
6369.139827 14
6401.377506 13
6408.672934 14
6427.262630 15
6431.904081 14
6439.151592 14
6439.411390 15
6480.396456 14
6491.159856 14
6500.998897 13
6509.705515 13
6521.369668 14
6522.436021 14
6541.109246 13
6550.808778 13
6719.945871 12
6726.400737 12
6750.361364 12
6751.891622 13
6836.916460 13
6841.105255 14
6899.432758 13
6899.730699 14
6951.112704 14
6953.820980 14
6965.042933 14
6989.865724 15
7004.701883 15
7006.175838 15
7085.334809 14
7092.195412 14
7098.658170 14
7100.520351 15
7108.762786 15
7117.496919 14
7151.040287 14
7165.845486 14
7172.741351 13
7174.358439 14
7178.220499 15
7179.045649 15
7209.793987 15
7221.783130 15
7225.316755 16
7256.641043 16
7261.342435 17
7264.655575 17
7389.613190 16
7403.971520 17
7445.517385 16
7470.379040 17
7530.201176 17
7533.640324 18
7562.664829 17
7590.616554 17
7594.993791 16
7602.516698 17
7606.897660 17
7607.424044 18
7679.929106 18
7682.146329 18
7857.427786 18
7875.503491 19
7964.680613 18
7965.750005 18
7973.669315 18
7983.189885 18
8012.911638 17
8024.759164 18
8033.084667 18
8062.152828 19
8069.827921 20
8070.113508 19
8132.993693 19
8133.065645 19
8157.524827 18
8164.357587 18
8191.193472 19
8211.365073 19
8276.721990 19
8277.588965 19
8408.321363 18
8412.912500 19
8425.551627 18
8427.986357 19
8448.279700 18
8468.866886 18
8544.059813 17
8565.815809 17
8572.869406 17
8580.300031 17
8660.472971 16
8661.131294 16
8686.774474 15
8695.448427 15
8702.051096 15
8708.824512 15
8742.041134 15
8754.145911 15
8833.490595 14
8837.901854 14
8867.668047 14
8870.513823 14
8887.611405 13
8890.913696 13
8927.186510 12
8939.480514 12
8960.099929 13
8963.639849 13
8965.793995 12
8971.788579 12
8982.016002 12
8996.896228 13
9001.211008 13
9016.724869 13
9018.180192 12
9029.822825 11
9072.219941 11
9089.318112 11
9101.713328 11
9106.958005 12
9109.560782 12
9118.505422 12
9123.101215 13
9127.578626 12
9129.060960 11
9142.493969 11
9188.493240 10
9198.385341 11
9215.905049 10
9225.411391 10
9245.166879 9
9254.298919 10
9319.253407 9
9332.468898 10
9405.932076 10
9408.969417 11
9581.287704 11
9598.911667 12
9604.317245 12
9604.567467 11
9613.741633 12
9631.605716 11
9740.413266 10
9749.064970 11
9947.556594 11
9949.695431 11
10051.791228 10
10061.076323 11
10185.353524 11
10196.419520 12
10260.483908 11
10282.200778 12
10284.433807 13
10305.706311 13
10399.275923 12
10412.100710 12
10468.590581 11
10475.121934 12
10502.431646 11
10513.088004 12
10559.513093 12
10573.412602 12
10573.952211 13
10606.467263 13
10636.501014 12
10669.925841 13
10777.808585 12
10780.064935 12
10871.098452 12
10877.902725 12
10976.092419 11
10978.584450 12
11073.385405 11
11091.097708 12
11093.973112 11
11096.492251 11
11236.007778 11
11249.557995 11
11251.084262 11
11252.314499 12
11307.586075 11
11316.765248 12
11347.630500 13
11354.200005 13
11358.728506 14
11362.687400 13
11427.699707 12
11427.770750 13
11436.072087 13
11449.118234 13
11449.187011 13
11453.862598 13
11557.829696 13
11559.432282 13
11580.914124 12
11583.143601 12
11628.230386 12
11631.590197 13
11635.501502 14
11652.822157 13
11659.728919 12
11667.962550 12
11669.810417 11
11670.221426 11
11858.564924 10
11879.177443 10
12016.128437 10
12016.761681 11
12081.620501 11
12087.677949 12
12101.093935 11
12103.477468 11
12104.569937 11
12107.024169 11
12122.445465 11
12122.914972 12
12133.166917 12
12145.512092 13
12154.859468 12
12158.038443 12
12159.284558 11
12161.212697 11
12281.207348 10
12329.117035 10
12329.231181 10
12355.326832 9
12382.035387 8
12382.536801 8
12443.325023 7
12455.917433 8
12461.310111 9
12464.657693 9
12486.172928 9
12489.903211 9
12499.975041 9
12508.785403 9
12555.504049 9
12558.477529 10
12585.038444 10
12587.794276 11
12591.976401 10
12600.222381 10
12621.805863 9
12631.455721 9
12681.020180 9
12681.133676 9
12868.412608 9
12879.005923 10
12884.740826 9
12887.284133 10
12946.286561 10
12952.847001 10
12987.353717 10
12998.199087 11
13056.714441 10
13080.157929 11
13126.024873 10
13126.984662 11
13184.435512 10
13194.818595 11
13257.971668 11
13261.617481 12
13265.489633 13
13273.308253 12
13410.506657 11
13418.175963 12
13419.508654 12
13421.308544 12
13537.079409 12
13541.101088 12
13551.759505 12
13562.901135 12
13578.368080 11
13578.765350 12
13589.445048 11
13590.025060 12
13623.160945 12
13627.484375 12
13777.593895 11
13781.896504 11
13798.250192 11
13801.131615 11
13840.525124 10
13840.757823 11
13912.676618 10
13924.196986 10
13938.084768 10
13943.058349 10
13961.779643 9
13973.271191 10
13974.395108 11
13987.089641 11
13987.284850 10
14003.308345 10
14019.556429 10
14020.780300 11
14038.757738 10
14039.887947 11
14061.300935 11
14064.161852 10
14222.703229 10
14245.759418 10
14248.562528 10
14255.984770 9
14263.110108 9
14267.940368 9
14298.570558 9
14308.399248 9
14513.544683 8
14514.423189 9
14688.012155 9
14704.098360 10
14769.326125 9
14771.451511 9
14829.393981 8
14830.365758 9
14833.352461 10
14835.253756 9
14855.998675 9
14856.516270 8
14870.678831 7
14881.879343 8
14930.020678 8
14933.685824 8
14942.832395 7
14946.578919 8
14974.123848 7
14974.653343 8
15030.077920 8
15036.186738 8
15064.664804 7
15071.973922 8
15084.800488 7
15085.079172 7
15108.605916 7
15108.895444 7
15152.345982 6
15159.082450 7
15203.854453 6
15211.981167 6
15228.111602 7
15236.176819 7
15283.101768 7
15283.556701 7
15561.250468 6
15580.509045 7
15648.235214 7
15653.307983 8
15687.967006 8
15691.654484 8
15738.500235 8
15741.308387 8
15769.812067 7
15771.272752 8
15772.715929 9
15783.499768 9
15803.426970 8
15814.014484 8
15860.832040 8
15874.865771 9
15909.967842 8
15925.809527 9
15982.142942 8
15986.582648 8
16121.352848 7
16124.770281 7
16147.768875 6
16152.380332 7
16196.646804 7
16197.339390 8
16212.471484 7
16219.541495 8
16237.648966 7
16246.247275 7
16285.204107 6
16296.484812 7
16330.545654 6
16340.893543 7
16548.733665 7
16553.590287 7
16574.154777 7
16580.766389 8
16588.481046 8
16591.036181 8
16716.989645 7
16737.428602 8
16756.695147 8
16756.935223 8
16876.731364 8
16881.708714 9
17050.848163 9
17053.040688 9
17092.848526 8
17094.275043 9
17127.561815 8
17143.861154 9
17147.016975 9
17149.785086 10
17171.317529 9
17182.927619 9
17476.154942 8
17489.764639 9
17653.519990 9
17661.142740 9
17692.609107 9
17697.404356 10
17769.126358 9
17777.174401 10
17781.434881 9
17786.263196 10
17791.342741 9
17804.932266 10
17816.398492 10
17818.109438 10
17962.969596 9
17966.166066 9
18033.625636 9
18042.213086 10
18067.728236 9
18070.810430 10
18086.324314 9
18086.355377 9
18138.021192 9
18140.138005 10
18190.372517 9
18191.723645 9
18310.959043 9
18321.491189 10
18330.333114 9
18333.082194 10
18337.315550 9
18354.723412 9
18355.549058 9
18357.384795 8
18365.306524 7
18374.983374 7
18398.298524 6
18398.463065 7
18516.583485 7
18522.271176 8
18570.158503 7
18577.164183 8
18580.368389 7
18596.493900 8
18640.899006 7
18647.072173 8
18680.937349 8
18681.930487 8
18705.768264 7
18721.880536 8
18748.456224 7
18749.967563 7
18757.503259 6
18769.199839 7
18795.038957 6
18796.239273 7
18870.476995 7
18874.229194 8
18887.643771 7
18893.780324 7
19115.627201 6
19116.105447 7
19127.345489 6
19133.094551 7
19169.045937 6
19169.185704 6
19173.437794 7
19186.168785 6
19187.382104 6
19190.421285 6
19195.154275 6
19225.106601 5
19343.614769 4
19359.096673 4
19364.112017 5
19397.025021 5
19411.185079 4
19419.663183 4
19444.999005 4
19456.151387 4
19484.426044 4
19499.521334 4
19573.493125 4
19574.428209 4
19627.263469 4
19628.674066 5
19632.731724 6
19640.542779 5
19698.281700 5
19699.007273 6
19795.243787 5
19804.856755 6
19808.053020 7
19812.633706 7
19866.554371 7
19876.568795 7
19945.488825 7
19946.297619 8
19968.138525 7
19969.154547 7
19988.200382 7
20013.959947 7
20015.670665 7
20015.992176 7
20098.810921 6
20109.363623 7
20184.610861 6
20205.187168 7
20364.833151 6
20372.319123 6
20571.381323 6
20597.297322 7
20732.230010 7
20747.251179 8
20748.596725 8
20749.698767 8
20752.277465 9
20771.090748 8
20776.570503 9
20794.172749 8
20801.554676 8
20801.729631 8
20834.867225 7
20841.145258 7
20974.965554 6
20987.425193 7
21106.095292 7
21123.778004 8
21154.613847 8
21166.495951 8
21172.034410 8
21176.294340 7
21224.634018 7
21225.997888 8
21297.340011 7
21300.380318 7
21438.050058 6
21441.290858 7
21454.039129 7
21466.721018 7
21698.903089 6
21711.238226 7
21716.793375 8
21727.815114 7
21729.312153 7
21743.717878 6
21784.375412 6
21792.949492 6
21859.965130 6
21861.672781 7
21938.927898 6
21958.297615 6
22074.761760 6
22075.966557 7
22128.257985 7
22144.479274 7
22180.153209 6
22188.483433 7
22190.897573 7
22195.946227 8
22227.575510 7
22235.725032 7
22236.210093 6
22280.195301 7
22286.269186 7
22315.955235 6
22322.936796 6
22332.211990 6
22365.284087 5
22366.128221 5
22382.158276 4
22397.867001 4
22482.915797 3
22492.808824 4
22565.771735 4
22583.450049 5
22630.275050 5
22636.430887 6
22754.958146 6
22757.945727 7
22802.257678 7
22802.480672 7
22809.808011 6
22817.060658 7
22847.138662 6
22851.045573 6
22938.304582 6
22942.616730 7
22995.186273 7
22995.258914 8
23004.359384 9
23009.142200 9
23062.719742 9
23065.759875 10
23066.955153 10
23079.834380 11
23091.568299 11
23095.669016 12
23113.615480 12
23122.571383 13
23142.756050 13
23144.861738 13
23157.169819 12
23167.575268 12
23232.843236 11
23281.207532 11
23297.298228 10
23319.333531 11
23378.382648 11
23378.690512 11
23390.191347 11
23390.321875 10
23401.841361 9
23403.783135 10
23407.317202 9
23410.427829 10
23483.047182 9
23490.362151 10
23509.137464 9
23513.702423 10
23523.307615 11
23533.376148 10
23580.036226 10
23610.966988 11
23740.942882 11
23749.741859 12
23772.293117 11
23780.248716 11
23836.995082 10
23849.837809 11
23981.586311 10
23990.554306 11
23990.971801 12
23996.133419 11
24030.676160 10
24031.064963 11
24039.489487 12
24047.887584 11
24061.988463 12
24064.490663 11
24076.987674 11
24099.401677 11
24125.108768 10
24132.565488 11
24138.608033 10
24160.257632 10
24221.775748 10
24235.983348 11
24274.171867 11
24283.345388 12
24289.632954 12
24294.211725 12
24301.315350 11
24304.185935 11
24359.272412 12
24361.319321 12
24373.742177 11
24376.453252 11
24418.190188 10
24419.146973 10
24431.237907 9
24443.221108 10
24471.923462 9
24476.623516 10
24560.881955 10
24562.671787 10
24619.738467 10
24625.282437 11
24657.547714 11
24679.439418 11
24743.147106 11
24756.743701 12
24845.507515 11
24850.064252 12
24871.808628 11
24877.411164 12
24941.342869 11
24951.972978 12
24993.572995 12
25003.943681 12
25173.099109 11
25196.822648 11
25285.317975 11
25293.305442 12
25343.809546 11
25347.005025 11
25451.751845 11
25451.786142 11
25487.140590 11
25489.182189 12
25521.337236 11
25524.714482 12
25574.680337 12
25609.708481 12
25619.651607 13
25639.121891 13
25640.604175 13
25645.990242 13
25700.809803 13
25702.571604 13
25753.760389 13
25755.364129 14
25852.163129 14
25863.550146 15
25873.843698 15
25886.329529 15
25890.756223 15
25890.881860 14
25922.243182 13
25932.566835 13
25932.699144 14
25937.516820 13
25957.122772 13
26004.281467 14
26031.960847 14
26032.655535 14
26091.373430 13
26097.650855 13
26098.844160 13
26106.028323 13
26125.671426 12
26133.677098 13
26167.720671 13
26175.823338 14
26194.901358 14
26208.605551 14
26218.450592 14
26221.381115 15
26478.527486 15
26485.078020 15
26487.484366 16
26506.011700 15
26534.243585 15
26570.933835 15
26584.544940 14
26633.871162 13
26641.621803 12
26645.290665 12
26652.149975 12
26661.133873 13
26684.032894 12
26692.390822 13
26700.422555 13
26706.453223 14
26712.285588 15
26718.276145 16
26724.305977 16
26728.773034 16
26840.752893 16
26843.295613 17
26860.548481 16
26862.907533 16
26864.089548 17
26880.860472 18
26890.153329 18
26892.095286 17
26969.562503 17
26970.154760 17
27053.669161 17
27062.307021 17
27092.017159 17
27095.481097 18
27168.680682 18
27178.866011 19
27270.569815 19
27270.760708 20
27298.107995 20
27305.876497 21
27333.646818 20
27338.245557 21
27346.402128 21
27361.557161 21
27377.207403 21
27393.397370 21
27417.540465 21
27441.344899 21
27442.140941 20
27445.408780 20
27445.957249 20
27446.514585 20
27448.402548 20
27458.767261 20
27472.357318 20
27477.179843 20
27504.799244 20
27506.030292 20
27523.929752 19
27540.809542 19
27576.672406 19
27576.874896 19
27653.390559 18
27688.541762 18
27749.260959 18
27757.534720 19
27795.149628 18
27795.773309 19
27883.008843 18
27886.675970 19
27886.690195 18
27894.895272 19
27955.852242 18
27967.421959 19
27990.477345 19
27997.505270 20
28046.084137 20
28050.343190 21
28063.783227 21
28065.881782 21
28083.726754 21
28086.935875 22
28203.202883 21
28205.436663 21
28354.245280 21
28355.124080 22
28371.300238 22
28379.332416 22
28421.627666 22
28422.221137 22
28436.573956 22
28437.140735 23
28490.490476 23
28494.966396 23
28542.236156 23
28548.634203 24
28549.678467 23
28574.479748 24
28605.326870 24
28606.897439 25
28618.253923 25
28619.153162 25
28698.262568 24
28714.531769 25
28716.214195 25
28742.768774 26
28785.418141 26
28804.342315 27
28826.874843 26
28844.131732 26
28870.136677 25
28883.513719 25
28884.534531 25
28904.699846 26
28905.009505 25
28931.462547 24
28982.615555 23
29007.816691 23
29008.876859 23
29010.205096 23
29052.237490 22
29071.161964 22
29317.561962 21
29320.853125 22
29393.003399 22
29412.158452 23
29419.664500 22
29422.886864 22
29445.919711 22
29446.105897 23
29465.445740 22
29466.697911 23
29506.992633 23
29520.783331 23
29613.065198 22
29614.412955 23
29785.084128 22
29790.925809 23
29885.438245 23
29887.969625 23
29971.540315 22
29972.152846 22
30074.222147 22
30078.531262 22
30116.361862 21
30174.976391 22
30291.129357 21
30298.839250 22
30300.563171 23
30301.847158 23
30508.527774 22
30512.225554 23
30535.012229 22
30537.975466 23
30586.687804 22
30627.265493 22
30686.278075 21
30687.569366 21
30689.680641 20
30695.739088 20
30734.825383 20
30737.223766 21
30752.048792 21
30774.413177 22
30787.517996 22
30799.443805 23
30843.918353 23
30859.295299 23
30863.695435 23
30867.930825 23
30869.713287 23
30877.210918 23
30904.096254 22
30904.689418 21
30919.835211 21
30932.592206 22
30937.730477 22
30938.472901 22
31056.184073 21
31071.603321 21
31124.488294 21
31131.698387 22
31170.918890 21
31184.353169 22
31188.295948 22
31199.365168 22
31200.699036 21
31203.905145 20
31207.761520 20
31216.203764 20
31218.611917 20
31220.780358 21
31507.477695 21
31509.255375 22
31563.692592 22
31582.517806 23
31586.740757 23
31589.931385 24
31601.104783 24
31615.093197 24
31761.541408 23
31767.208701 23
31772.645939 23
31776.807160 24
31789.431418 23
31811.539780 23
31836.769886 22
31839.244035 23
31847.080492 23
31847.914450 23
31946.978253 23
31950.539153 24
31955.032502 23
31957.010144 24
31958.633022 25
31961.073563 25
31979.890777 25
31988.756301 26
32041.083129 25
32055.569565 25
32085.575722 25
32094.983365 26
32175.782133 25
32180.111964 26
32247.818473 25
32251.855271 25
32269.221761 25
32271.021532 25
32314.024478 25
32340.976385 25
32401.776216 24
32417.324594 25
32425.971904 24
32450.355283 24
32514.820458 23
32545.691244 24
32550.406457 23
32558.387728 24
32569.750338 24
32572.501615 24
32790.601967 23
32794.947080 24
32923.664710 24
32929.403205 24
32990.031537 24
32991.943872 24
33054.055722 23
33068.339428 23
33090.575060 22
33092.940896 22
33096.207351 22
33129.458725 23
33157.422397 22
33187.837020 23
33195.842274 22
33200.630939 22
33257.351444 21
33268.192655 22
33281.740608 22
33287.296001 23
33322.677341 22
33326.137631 22
33378.939134 21
33403.713886 22
33607.958021 21
33614.313532 22
33825.634960 21
33831.240314 22
33842.955016 21
33855.765153 22
33872.200966 22
33887.352004 22
33946.712558 22
33949.968812 23
34024.928246 23
34030.691652 24
34094.912852 23
34095.750267 23
34213.273296 22
34221.703886 22
34224.796028 22
34233.302214 23
34237.937376 23
34249.157785 24
34261.047444 23
34272.202936 24
34328.891919 23
34330.665069 24
34332.101235 24
34336.475765 25
34343.461057 25
34343.919634 25
34364.144487 26
34373.783595 25
34456.005642 24
34464.433194 24
34477.934058 23
34479.942260 24
34533.034527 24
34550.849989 25
34589.753337 25
34592.040918 25
34637.785880 25
34668.317497 25
34828.042067 24
34843.392151 25
34843.813062 24
34845.111867 25
34861.458831 24
34861.772959 24
35007.865839 23
35020.237616 24
35025.243152 23
35046.189243 24
35054.800335 24
35062.715898 24
35094.814247 24
35127.558634 24
35146.290140 24
35149.455399 25
35254.351481 25
35269.200346 26
35276.502890 27
35309.960648 27
35317.912245 27
35319.771265 27
35319.785356 27
35326.007658 27
35372.828178 26
35373.272164 26
35393.635737 27
35399.753805 27
35405.294357 26
35407.066220 27
35466.700684 27
35470.296990 27
35553.467706 27
35555.827026 28
35573.347279 28
35586.330385 29
35599.899604 28
35603.696942 28
35668.018600 28
35669.929670 28
35674.008028 29
35693.767131 29
35714.964560 28
35721.097376 27
35775.911872 27
35794.939038 27
35837.502044 26
35852.059758 27
35863.751312 27
35869.708969 27
35942.109729 27
35957.155755 28
35963.800393 29
35985.163307 29
36007.122672 28
36022.917864 28
36030.023784 27
36031.940163 28
36072.513217 27
36078.999878 27
36224.526171 27
36230.078394 27
36236.541965 28
36238.198000 27
36339.892075 27
36343.985925 27
36345.060613 27
36352.874995 28
36353.623931 28
36357.273727 27
36538.860600 26
36553.738836 26
36557.494972 25
36558.280258 25
36580.664819 25
36585.672308 26
36672.449468 26
36696.078852 26
36702.720859 26
36706.421091 25
36723.160698 25
36726.563062 25
36737.930076 25
36774.045072 25
36775.194321 25
36776.741235 24
36779.087094 23
36816.394539 24
36903.611698 23
36905.315025 24
36948.173103 23
36949.673877 23
36950.476186 22
36992.492185 23
37059.772493 23
37064.536191 24
37169.548202 23
37176.676898 23
37258.048572 22
37279.231229 22
37279.957822 23
37298.005620 22
37367.860603 21
37372.937595 21
37398.323145 21
37399.628503 21
37415.158056 21
37424.865845 22
37444.297226 21
37463.928823 22
37483.824729 22
37491.193045 21
37523.948058 20
37527.310568 20
37576.359855 19
37576.812320 19
37611.385446 19
37614.002204 19
37622.787670 19
37636.596734 18
37660.997729 18
37665.224439 18
37781.163187 17
37781.403771 18
37787.508682 19
37792.981312 19
37852.724005 19
37865.106521 20
37915.635769 20
37951.747084 21
37973.231114 21
38004.236819 22
38052.791988 21
38068.204254 22
38177.459473 22
38201.752693 23
38211.239983 23
38212.498242 23
38220.282640 22
38247.302072 22
38271.011481 22
38282.855864 23
38299.478430 23
38306.199449 23
38352.949167 22
38353.417066 22
38545.972686 22
38549.403743 23
38577.044736 23
38583.609786 23
38585.584373 23
38588.241943 22
38594.217571 22
38601.708180 22
38629.965452 21
38658.231486 21
38713.275195 21
38717.167505 21
38725.672692 22
38731.321169 22
38810.746965 22
38812.262314 23
38890.204531 23
38899.085743 24
38920.972917 24
38924.244910 25
38942.161541 25
38946.916921 26
38947.259062 25
38948.541110 25
38951.389320 25
38953.206783 25
38988.531006 24
38989.788562 24
38999.528870 25
39009.893073 24
39014.387941 25
39017.822245 24
39022.669182 24
39024.125412 24
39054.033940 24
39059.407870 25
39088.300381 25
39093.688359 25
39143.709165 24
39145.056315 24
39148.364886 25
39152.997719 25
39159.266890 25
39170.500888 25
39209.152937 25
39221.760197 25
39271.877824 24
39293.387483 25
39325.074742 25
39334.215817 26
39393.640657 26
39401.162586 27
39526.305387 26
39533.068121 27
39597.901940 27
39604.724833 28
39610.536177 29
39612.463101 28
39680.701866 28
39691.915973 28
39718.942807 27
39721.123174 27
39748.355246 26
39749.103017 26
39807.679206 26
39808.231464 27
39811.156558 26
39812.255810 27
39853.554126 26
39872.743554 27
39909.219050 27
39929.777741 28
39934.130615 28
39943.090656 28
39944.852808 27
39950.059962 27
39957.919242 26
39975.908513 27
39995.869282 27
40015.658599 27
40020.132458 26
40021.275607 27
40119.694940 27
40124.020444 28
40138.222856 28
40141.768043 28
40172.225030 28
40179.225932 28
40227.750986 27
40248.634557 28
40342.932662 27
40361.844505 27
40374.927426 26
40393.980470 26
40424.135627 25
40426.571019 26
40481.182539 26
40487.301160 26
40556.154130 26
40601.358960 27
40706.239303 26
40720.860420 27
40838.096135 27
40840.509534 28
40848.928510 28
40850.224620 29
40854.732295 29
40854.953116 30
40868.481203 30
40884.702306 30
40903.041159 30
40907.413443 30
40909.209881 30
40916.116439 31
40936.318335 30
40950.623317 31
40959.690813 31
40967.010344 31
40975.406084 31
40977.331537 31
40982.053002 31
40982.536394 32
40983.829947 31
40984.545100 31
41224.960483 30
41233.759866 31
41251.263316 32
41251.796890 31
41271.849454 31
41282.569754 31
41311.473731 31
41323.725059 32
41452.068399 32
41452.975736 32
41485.085020 31
41486.410595 32
41550.785144 31
41553.214174 32
41598.832710 31
41602.921032 31
41654.625615 30
41707.722308 31
41708.382011 32
41715.461122 33
41719.588383 33
41721.324001 33
41743.272574 32
41746.858516 32
41788.194889 31
41802.992919 31
41960.320814 30
41969.393560 30
41976.716612 30
41983.849627 29
42067.931964 29
42091.886841 30
42155.829799 29
42166.433651 30
42359.109696 29
42361.456718 30
42396.564647 29
42396.605169 29
42397.626113 29
42400.761069 29
42420.094923 28
42448.160038 29
42517.146499 29
42525.145377 30
42527.039389 30
42554.747771 29
42572.523989 29
42574.237629 30
42617.350164 29
42624.090758 29
42696.543837 29
42711.755311 29
42722.122641 28
42725.261253 29
42756.388079 29
42764.823639 30
42786.201542 30
42795.962499 30
43092.584915 30
43099.192210 31
43232.302819 30
43246.215242 31
43265.446049 31
43266.523725 31
43278.764626 31
43294.791089 31
43352.836967 31
43358.564620 31
43364.088214 31
43367.171893 32
43463.413219 31
43467.145242 32
43494.830546 32
43495.198683 33
43512.527001 33
43536.953260 33
43708.296164 32
43720.784401 32
43737.241369 32
43748.237354 33
43751.639229 33
43759.208104 33
43792.790932 32
43797.348476 32
43846.798870 31
43851.416455 32
43875.390755 31
43876.335532 32
43927.539207 32
43929.588575 33
44011.425857 32
44017.240083 33
44021.914067 34
44062.720549 34
44086.563080 33
44097.887893 34
44104.802057 33
44112.144288 33
44166.107215 33
44172.390200 34
44187.445245 34
44192.982372 34
44298.921561 34
44300.730932 35
44301.828727 34
44309.407610 34
44322.484012 34
44329.323004 35
44342.980177 35
44351.624935 34
44422.955628 34
44432.296809 35
44481.896741 34
44497.032053 35
44497.254047 36
44497.740308 36
44511.307349 37
44515.029430 36
44624.166415 35
44632.998550 35
44658.754309 34
44668.371604 34
44839.903317 33
44850.063668 34
45081.408039 34
45081.609546 34
45163.245997 33
45171.140907 33
45183.165967 33
45183.522012 33
45277.997556 32
45294.451101 32
45321.957048 31
45328.009796 31
45376.517852 31
45389.860797 32
45485.686321 31
45494.032779 31
45565.354161 30
45577.256796 30
45635.878570 30
45653.295287 30
45686.926149 30
45696.283030 31
45716.208118 32
45716.853393 32
45719.628711 31
45722.124669 31
45724.634901 31
45726.756621 31
45752.975886 31
45753.140240 31
45771.160243 31
45772.502236 32
45773.897067 32
45791.080949 31
45826.487139 31
45829.189604 32
45840.539463 32
45840.982648 32
45856.628426 32
45860.718735 32
45988.399771 32
45991.777933 33
45993.568148 34
46011.992171 33
46103.228966 33
46103.327179 34
46127.906509 34
46132.467475 34
46200.723465 34
46201.683854 34
46211.701144 35
46211.914667 35
46247.394269 35
46257.533175 35
46257.800667 36
46257.886570 35
46327.250784 35
46342.022062 36
46393.106209 36
46394.301086 36
46408.352582 36
46411.177365 36
46416.814505 36
46419.734205 36
46425.047866 37
46434.512492 36
46504.357652 35
46522.683543 35
46542.817923 35
46548.482212 35
46643.738701 35
46646.813966 35
46683.996460 35
46692.853435 35
46757.082406 35
46771.136617 35
46797.281831 35
46802.741617 36
46958.352692 36
46960.869745 37
46975.082329 36
46976.515212 36
46982.159176 35
46982.453482 36
47027.669925 35
47069.944584 36
47072.302233 37
47076.648190 37
47088.591955 36
47089.210990 37
47256.368249 37
47256.458879 38
47262.979418 37
47266.694473 37
47272.700179 37
47275.098320 37
47297.790209 37
47298.482253 37
47307.757121 38
47311.480923 38
47319.204314 37
47322.603721 38
47323.650297 39
47329.311015 39
47387.815282 39
47399.799217 39
47403.147146 40
47409.976671 40
47417.069566 40
47432.746228 40
47435.783117 39
47443.548988 38
47502.017498 37
47504.436154 38
47662.193318 38
47663.252606 38
47701.098644 38
47718.427650 39
47718.747348 39
47729.400167 39
47730.261887 40
47734.015508 40
47793.118882 39
47799.287581 40
47811.670798 41
47825.972791 42
47835.864464 42
47836.359450 41
47866.202322 41
47869.294312 41
47876.890627 41
47901.008949 41
47933.498281 41
47934.447503 41
47956.350357 41
47965.989040 41
48066.847435 40
48068.939923 40
48070.131600 40
48077.907043 40
48186.533599 39
48193.206818 40
48193.608670 39
48210.268133 39
48396.427324 39
48400.783705 39
48403.416687 39
48412.319609 38
48449.856133 38
48455.977370 39
48464.732983 39
48470.807145 40
48531.160668 39
48532.788177 40
48564.062269 39
48565.102764 39
48601.172453 38
48613.908808 38
48734.039752 37
48736.143747 38
48833.320077 38
48841.507559 39
48906.087468 38
48912.042843 38
48946.751256 38
48950.679754 38
49040.567022 38
49044.014220 39
49057.193427 40
49100.241388 41
49137.322447 40
49144.453529 40
49164.746426 40
49175.524174 40
49213.364767 39
49218.237450 39
49229.869317 39
49248.884982 40
49285.888433 39
49312.756421 39
49312.972240 38
49319.530662 38
49353.974235 39
49360.530536 39
49502.833936 38
49511.621823 38
49536.124213 38
49539.905337 39
49542.637646 39
49547.662800 40
49639.442288 40
49651.120661 40
49662.310773 41
49667.849478 40
49714.774021 39
49719.175023 40
49719.375946 41
49721.469045 41
49777.333495 41
49787.082752 41
49788.270721 41
49799.303912 42
49963.919663 41
49964.276537 42
50029.058562 42
50031.485063 43
50059.008523 43
50061.358432 43
50073.919269 43
50078.519944 43
50100.330425 43
50102.930095 44
50117.823007 45
50125.072670 44
50125.832249 45
50131.140410 45
50187.313713 45
50191.727436 45
50200.170437 45
50203.606892 45
50216.157819 44
50218.490243 45
50223.060943 45
50263.020975 46
50269.942333 46
50275.073399 45
50304.956027 44
50305.938210 44
50391.935234 44
50396.203130 45
50399.450359 44
50401.440986 44
50410.146742 43
50413.115204 43
50477.298958 43
50499.002600 43
50505.367895 43
50541.580036 42
50584.558783 42
50588.447186 43
50591.590177 43
50597.484010 42
50604.573744 41
50611.959298 41
50648.112205 40
50669.175424 41
50686.371544 40
50686.653071 41
50717.555260 40
50728.635515 41
50729.203503 41
50735.654328 41
50744.220528 41
50747.124108 40
50762.028341 39
50767.029510 40
50817.389889 39
50825.692910 40
50935.108118 39
50942.415381 40
50988.930747 39
50992.456736 39
51003.414603 39
51016.379570 40
51020.164239 40
51026.351163 40
51032.836421 41
51044.174183 40
51135.697189 40
51150.897043 40
51198.019422 39
51198.685077 39
51204.265604 38
51204.287917 39
51206.264961 39
51219.278715 39
51253.007359 39
51256.272925 40
51358.769550 40
51375.448618 41
51416.477354 41
51421.737308 41
51445.573794 41
51450.083036 41
51457.659752 41
51468.478243 41
51490.616336 41
51503.134200 42
51520.383059 42
51521.956472 42
51550.634494 42
51551.972038 41
51590.872427 41
51603.474814 42
51613.173001 43
51623.222392 42
51672.829777 42
51680.550887 42
51778.251600 42
51792.616302 43
51804.864052 43
51809.712390 44
51813.952918 45
51818.156359 45
51818.208054 44
51818.370424 44
51867.658095 44
51872.118228 45
51873.098658 45
51877.721521 45
51928.001907 45
51929.164829 45
51944.575058 45
51951.722904 46
51964.150111 45
51972.717788 45
51999.227121 44
52010.915497 44
52282.136149 43
52289.639291 43
52323.931020 43
52324.042987 43
52328.574301 43
52330.186780 43
52369.307030 42
52383.585072 42
52676.006530 41
52685.200763 42
52753.733040 41
52755.395475 42
52800.213476 42
52804.076414 43
52818.745363 42
52837.376045 43
52901.984439 43
52908.388624 44
52911.021214 44
52921.431058 43
53007.063074 42
53021.544250 42
53229.640374 42
53230.065900 43
53239.452093 43
53259.741269 43
53337.222049 43
53337.461064 44
53340.822127 44
53341.171356 44
53372.807736 44
53373.213917 44
53389.595558 44
53396.549716 44
53460.807577 44
53486.552721 44
53693.972708 43
53705.103309 43
53720.089897 43
53724.683109 44
53743.743652 43
53744.658342 44
53746.472536 44
53746.536461 43
53748.686660 43
53773.670418 43
53791.377603 44
53814.414437 43
53818.299306 43
53879.376879 44
53883.738874 44
53899.272790 44
53934.890662 43
53945.550303 43
54008.883740 43
54023.731834 44
54039.706794 43
54045.903101 43
54047.031140 44
54048.360154 44
54048.496849 44
54052.908265 43
54274.631528 43
54279.965581 43
54326.972787 42
54336.117992 42
54337.035470 42
54338.048208 43
54348.608207 43
54349.376799 43
54387.213341 43
54398.180239 43
54523.250790 42
54525.814604 42
54549.828014 41
54550.875374 42
54579.428353 42
54584.321481 43
54591.582300 43
54602.044172 43
54614.213190 42
54614.454980 43
54655.473828 43
54669.690995 44
54752.177655 44
54752.532452 44
54771.884386 44
54791.636684 45
54821.118383 44
54828.345224 44
54840.225921 44
54852.214021 45
54860.292105 45
54867.982953 46
54875.626745 46
54902.617820 45
54909.689042 44
54915.842215 45
55087.851353 45
55100.560194 45
55129.060829 46
55131.369534 47
55169.492516 47
55174.276565 46
55197.098631 45
55222.522260 45
55264.401905 44
55268.063169 44
55330.390544 44
55336.124765 45
55336.430316 46
55342.496773 46
55364.557192 46
55370.049843 45
55406.489387 45
55429.673700 45
55510.529054 44
55511.096922 44
55545.452284 43
55546.354003 44
55553.814360 45
55555.945363 45
55562.789875 45
55578.006442 45
55594.519630 44
55595.140891 44
55635.711545 44
55639.327997 44
55642.386199 45
55658.796785 44
55691.574561 43
55694.119647 43
55714.483011 43
55719.483395 44
55754.178141 44
55758.272369 44
55850.144085 43
55852.920575 43
55854.666857 43
55876.732544 44
55944.177603 44
55950.942180 44
55998.928647 43
56003.837810 43
56006.686335 43
56027.477910 42
56147.465659 42
56149.112658 43
56163.685207 43
56164.830117 43
56250.685988 42
56253.510723 42
56273.734391 41
56276.662010 41
56298.208552 40
56301.849596 40
56305.000094 41
56310.770618 41
56324.250289 40
56332.232772 41
56340.103998 40
56343.839955 41
56654.795513 40
56657.926854 41
56676.343099 41
56678.541914 42
56723.949843 42
56743.943920 43
56765.544551 42
56767.066736 42
56774.888119 42
56788.158332 42
56811.796446 42
56822.201908 42
56823.514593 42
56840.644148 42
56841.269154 41
56860.312582 42
56873.876536 41
56878.263715 41
56962.913334 41
56964.813210 42
57069.264097 41
57076.965652 42
57105.131478 43
57116.082393 43
57449.364811 42
57456.492692 43
57492.257806 42
57512.260616 42
57583.151355 41
57597.895366 42
57720.196139 41
57721.666803 42
57793.050935 42
57813.264566 42
57814.272276 42
57820.762652 41
57824.876427 42
57829.311840 42
57865.960935 41
57872.981272 42
57874.428564 41
57876.318464 41
57986.482719 40
57987.250485 41
57995.254349 41
58030.875298 41
58051.060585 41
58053.400024 42
58088.943021 42
58095.347655 42
58137.456315 41
58137.929790 42
58141.559399 43
58149.674003 43
58149.971556 43
58155.780472 44
58157.768655 45
58159.606574 44
58175.547721 43
58179.493081 44
58183.927485 43
58191.059083 43
58257.305682 42
58260.213095 42
58265.489121 42
58276.271095 42
58294.458223 42
58297.331403 42
58325.338266 42
58337.579594 43
58337.953726 43
58344.736202 43
58351.704824 43
58354.964510 44
58357.992947 44
58360.920961 43
58414.498295 43
58416.644363 44
58417.781585 44
58418.164117 43
58613.319161 42
58619.264583 43
58637.682330 42
58655.544028 43
58673.003896 42
58673.717892 42
58694.080885 42
58695.515088 42
58759.925281 41
58774.462814 42
58845.526301 41
58854.003046 42
58868.522632 42
58899.760514 42
58915.976834 41
58917.846302 41
58943.455672 41
58945.807721 42
58966.400867 41
58976.961738 41
58990.908805 40
58993.027985 41
59004.099112 42
59013.504294 42
59129.169183 42
59133.245807 42
59210.389538 41
59210.458990 42
59255.951366 41
59258.020539 42
59265.379243 42
59271.956384 42
59277.661919 43
59297.823601 42
59319.328199 41
59326.235119 41
59398.035045 40
59400.126442 41
59405.732987 40
59421.043244 40
59465.823561 40
59493.094008 41
59499.441955 41
59506.952201 40
59536.280045 40
59547.120255 40
59574.375359 40
59585.916291 40
59644.768499 40
59653.847108 41
59704.956484 41
59707.095912 41
59751.658941 40
59758.388019 41
59786.151297 41
59790.923081 41
59862.597275 40
59864.670543 41
59880.780308 41
59883.250056 42
59905.384917 41
59905.813970 41
59943.085950 41
59953.480373 41
60225.202088 40
60226.962111 41
60268.641159 41
60287.660363 42
60291.915006 43
60302.433574 42
60306.964940 41
60315.136768 42
60341.200789 41
60348.219583 42
60350.488941 42
60360.780278 43
60393.194279 42
60404.183329 42
60432.456924 41
60433.483849 42
60596.194964 42
60596.456062 43
60608.834806 43
60613.692655 43
60626.464200 44
60638.510761 43
60648.276538 43
60650.276729 42
60653.794134 42
60657.114443 42
60662.236601 42
60665.756776 42
60682.166525 41
60689.189181 41
60742.271823 41
60744.049224 41
60755.881984 41
60757.789206 41
60810.023886 41
60815.622551 41
60865.810031 41
60874.150043 42
60874.205361 41
60883.428167 41
60897.311536 40
60905.873126 41
60925.316280 41
60938.651556 41
61039.413181 41
61040.256318 42
61215.719168 42
61230.854385 43
61232.097362 43
61236.264464 43
61250.324800 42
61251.277760 42
61251.686214 41
61274.473814 42
61332.481181 41
61333.390542 41
61346.314572 40
61347.682045 40
61355.195259 40
61373.038789 41
61375.747085 41
61383.825465 41
61388.851458 40
61390.268664 40
61408.910286 40
61410.316238 40
61499.478859 39
61502.918321 39
61512.505613 39
61515.772953 40
61544.675348 40
61547.347774 40
61608.804672 40
61609.954207 41
61617.252528 40
61628.104536 41
61653.790597 41
61661.591737 41
61672.121499 40
61674.953668 40
61680.480531 39
61684.760156 39
61767.773495 38
61780.679607 39
61788.255227 38
61788.620450 39
61852.988503 39
61854.329275 39
61891.747622 38
61899.086528 38
62023.177904 38
62030.184143 39
62210.766416 39
62214.127116 40
62216.064820 41
62219.295057 40
62234.986913 40
62236.379870 41
62243.296856 40
62247.411299 41
62265.517286 41
62270.311414 41
62355.557329 40
62386.364719 41
62389.134905 41
62393.468555 40
62402.088642 39
62402.989495 40
62411.639838 41
62422.213079 41
62425.054732 41
62441.876430 41
62547.882032 41
62556.060213 41
62560.803531 42
62563.250765 42
62636.377200 42
62645.139142 43
62646.831700 43
62678.554184 43
62774.512428 43
62776.120651 44
62789.986516 45
62791.410325 44
62858.588043 44
62870.268998 44
62877.822773 44
62884.211646 44
62922.423654 44
62934.820465 45
62934.954581 44
62961.711649 44
63002.101006 43
63011.229518 44
63012.443813 44
63018.541516 44
63072.758095 44
63076.649700 45
63082.561458 45
63083.014485 44
63147.603114 43
63150.140323 43
63158.170916 44
63166.823304 44
63279.086034 43
63299.359113 43
63301.423801 43
63306.911122 43
63313.019803 43
63347.172197 43
63358.697889 43
63361.312329 44
63367.936027 44
63369.147498 45
63392.779722 44
63402.761490 45
63408.296228 44
63413.634341 45
63464.144146 44
63483.840061 44
63539.195697 43
63547.759514 44
63555.384843 45
63555.985972 45
63594.593360 45
63600.292374 45
63674.927215 45
63690.427805 46
63690.541118 46
63691.425174 47
63795.494966 47
63805.991335 47
63809.550487 48
63816.040361 47
63848.952931 47
63853.949254 47
63883.210938 47
63909.031239 46
63915.368836 46
63918.285227 46
64078.241700 46
64078.775378 46
64106.843467 46
64116.371828 47
64116.579563 47
64119.348029 46
64314.462256 46
64317.782638 47
64326.207470 47
64326.882670 46
64345.664555 45
64345.895313 46
64362.822255 46
64362.972631 45
64369.899793 45
64374.694407 46
64378.215016 46
64385.768850 45
64395.605957 44
64397.139839 44
64436.985567 43
64439.995194 44
64452.685383 43
64461.341481 43
64461.803541 43
64463.375138 44
64471.008171 43
64475.407903 44
64479.276289 44
64495.554995 44
64506.241872 45
64515.715730 45
64516.480532 45
64528.961836 44
64548.728744 44
64550.166766 45
64557.697187 46
64559.561718 46
64608.908022 46
64617.140867 46
64641.492231 45
64646.600073 45
64653.458733 45
64655.359351 45
64686.996877 44
64692.603102 44
64708.173979 44
64708.271835 44
64712.582885 44
64715.676147 44
64757.698387 43
64764.545022 43
64784.170452 42
64785.922438 42
64788.820562 42
64791.883662 42
64866.890182 42
64876.881884 42
64964.507704 41
64969.743007 41
64973.748991 41
64975.799598 41
64982.672616 40
64985.352833 41
64991.210411 42
64995.748356 42
65005.111657 42
65008.021340 43
65083.202977 43
65091.818234 43
65097.377651 44
65099.857880 43
65172.060946 42
65197.122500 43
65236.156013 43
65240.457126 43
65312.346260 43
65313.229853 44
65470.070073 44
65489.561048 45
65508.323606 45
65511.537770 45
65516.145854 45
65527.856158 44
65533.435353 44
65542.971944 43
65572.643227 43
65572.730639 44
65574.127000 45
65575.722153 44
65578.292895 45
65591.128302 45
65615.879966 45
65618.666751 46
65624.237313 45
65625.339000 45
65767.122911 45
65783.925351 45
65786.761251 45
65806.510477 44
65833.819955 44
65835.854130 44
65974.636804 43
65984.602594 43
66009.275237 42
66016.230872 42
66018.990996 42
66022.122224 41
66151.684694 41
66156.645079 42
66159.066966 42
66159.821473 43
66179.809410 43
66194.232057 43
66236.622678 42
66240.191785 42
66337.610517 42
66347.996046 42
66389.159265 42
66408.393747 42
66413.888065 43
66419.922334 43
66433.729499 42
66433.997215 42
66449.155696 42
66450.095459 42
66513.679796 41
66533.882975 41
66576.659177 41
66581.020531 41
66586.784701 40
66614.078220 40
66758.053311 40
66767.692628 41
66832.620648 40
66837.566400 41
66843.301430 41
66843.322200 40
66925.003519 40
66927.163325 41
67074.145724 40
67078.654227 41
67125.472733 40
67138.769317 41
67330.254845 41
67335.976850 42
67491.217072 42
67495.084125 43
67512.016624 43
67512.297916 44
67512.920587 44
67536.451778 45
67565.922042 45
67565.997593 45
67597.285801 45
67617.674827 44
67782.225745 44
67786.774654 45
67800.863798 45
67820.137432 45
67914.284551 44
67926.310884 45
67990.793825 44
67995.217478 44
67999.223823 43
68000.426232 44
68001.607346 44
68011.062813 43
68027.882884 43
68032.383567 43
68057.644650 42
68060.130241 42
68107.407676 41
68122.725154 41
68137.993000 42
68140.888924 41
68151.911612 41
68159.700615 40
68286.891849 40
68287.412115 41
68327.715579 41
68344.690853 42
68382.117804 42
68394.417775 43
68415.661425 42
68416.796566 42
68450.775700 42
68469.597604 43
68492.547643 42
68495.445573 43
68671.478531 42
68675.490759 42
68833.377925 41
68836.449240 42
68837.093062 43
68837.858738 42
68843.316960 42
68846.940685 43
68910.595107 43
68910.642835 44
68976.360894 44
68984.798993 45
68988.083126 45
69005.681768 46
69057.598377 46
69060.747817 46
69076.986131 46
69086.524425 47
69093.626362 46
69102.450283 46
69108.722375 47
69109.107042 47
69121.246815 46
69128.000817 46
69129.028455 46
69168.978036 47
69200.983248 46
69201.691516 46
69308.378995 46
69309.863198 47
69369.039908 46
69375.943444 46
69388.232409 45
69399.242638 45
69430.159741 45
69430.878736 45
69462.671452 45
69469.693317 44
69472.978266 44
69490.315434 44
69527.952446 43
69528.031477 44
69582.732894 44
69595.104625 45
69603.974098 44
69605.895707 45
69606.890277 45
69607.098053 44
69650.191208 44
69654.310374 45
69689.631327 45
69701.858365 46
69721.352269 45
69745.120918 46
69844.038641 45
69844.927281 46
69897.611473 46
69907.229324 46
69914.301597 45
69915.901357 45
70005.835851 45
70014.998038 45
70181.772387 45
70211.398169 46
70216.880798 46
70223.411282 47
70227.971772 46
70230.151922 47
70259.662861 46
70262.299641 46
70281.725908 45
70282.760517 45
70299.273488 45
70301.005469 46
70309.963569 45
70315.396436 46
70324.912204 45
70332.094346 46
70345.048899 47
70346.173775 47
70360.388105 47
70364.054548 48
70365.501668 47
70375.391160 47
70386.575410 47
70393.088511 48
70401.885788 48
70405.653478 49
70430.685396 48
70435.796119 48
70464.623688 47
70467.785203 47
70564.830474 46
70567.925899 47
70740.483982 47
70743.076036 48
70800.352032 48
70801.386989 49
70804.080041 49
70805.563391 49
70826.854904 50
70830.046034 50
70835.709063 50
70842.963656 50
70863.681752 49
70869.298162 49
70969.881833 48
70975.163429 49
71025.738320 48
71048.232855 49
71059.540612 48
71063.430077 49
71116.893338 48
71141.296262 49
71260.842348 49
71269.429605 50
71273.843442 50
71283.351670 50
71420.826675 50
71428.588390 50
71435.242784 49
71436.107722 49
71614.429099 48
71619.144136 49
71708.061554 48
71710.224551 49
71729.832574 49
71737.993311 50
71821.806225 49
71837.633780 49
71843.704792 49
71854.376442 49
71932.906975 48
71944.121153 48
71964.207826 47
71991.999872 48
72083.511839 48
72095.215889 48
72171.691180 48
72175.998516 49
72292.349668 49
72302.693008 49
72350.390524 49
72352.215382 49
72365.063428 50
72375.530647 50
72436.565383 49
72439.741314 49
72463.883242 49
72481.516660 50
72488.316925 50
72509.646502 49
72541.233499 48
72543.870284 48
72550.868893 47
72561.115361 48
72581.173431 47
72585.828128 47
72655.535833 47
72671.588662 47
72677.644151 47
72686.087063 47
72686.532187 47
72696.141577 47
72705.562656 46
72712.218525 46
72762.273307 45
72762.715284 46
72830.094251 46
72834.296138 47
72869.196930 48
72878.108933 47
72898.031624 48
72906.746938 47
72937.175354 48
72939.913290 48
73040.604861 47
73044.022178 47
73161.555730 47
73171.068310 47
73188.889984 48
73191.298773 49
73213.373945 48
73216.248300 48
73225.947747 48
73241.799805 49
73246.082368 48
73249.741223 48
73324.498660 47
73338.106230 48
73369.165441 48
73371.691756 48
73400.404535 48
73411.759751 48
73455.193810 47
73457.898640 47
73495.394904 46
73507.972120 47
73512.242610 46
73515.177165 47
73518.320465 48
73530.502494 47
73599.962950 47
73623.260141 48
73627.069796 49
73629.948630 49
73631.335829 50
73672.227706 50
73677.701755 50
73682.877931 50
73710.598624 49
73721.766290 50
73737.005916 50
73737.216677 50
73773.702666 50
73781.043869 50
73789.821479 49
73798.887893 50
73802.835950 50
73804.235454 49
73806.188529 49
73808.825097 49
73855.594693 49
73863.957054 50
73870.431854 49
73872.930800 50
73970.030130 50
73974.355130 51
74030.172839 50
74032.789976 51
74034.815568 50
74039.533817 50
74052.259774 49
74075.148862 49
74083.496220 49
74084.799645 49
74089.303419 50
74094.419328 50
74156.042772 49
74162.773650 49
74166.153367 50
74166.812441 50
74168.899861 50
74184.140107 50
74196.370691 49
74198.582590 50
74209.105765 50
74215.750219 51
74277.457384 50
74282.112142 50
74303.850619 50
74305.263458 50
74307.372488 51
74331.956644 51
74333.440393 51
74346.263902 51
74353.330966 51
74360.549063 50
74446.655923 50
74454.951293 50
74456.677339 50
74457.772771 49
74531.330536 48
74534.723803 49
74538.247367 48
74542.599635 49
74588.726755 49
74593.133359 49
74596.573023 48
74600.608016 49
74610.160283 49
74610.318974 49
74708.156175 48
74711.976425 49
74726.496715 48
74744.073981 48
74744.426672 48
74751.704689 49
74760.339399 48
74764.283320 48
74765.590480 49
74774.593025 49
74883.673746 49
74905.792203 50
74927.095352 50
74931.011204 50
75012.081618 49
75027.935280 50
75047.939943 49
75070.099113 50
75081.162751 50
75088.766910 50
75112.191993 50
75117.596300 51
75144.885383 51
75148.097109 51
75340.574986 51
75377.255434 51
75772.642256 50
75780.207483 51
75852.606223 51
75858.859483 52
75891.315129 52
75892.914668 52
75970.819887 51
75977.636895 52
76007.611451 52
76012.565166 53
76021.877962 52
76047.080580 53
76221.573827 52
76224.960221 53
76241.803075 53
76243.041380 53
76243.122177 53
76245.728895 54
76283.127551 54
76289.190387 54
76292.586614 55
76296.265989 55
76299.927172 56
76302.720312 57
76305.071271 57
76315.568689 56
76342.210078 55
76354.611051 56
76366.343995 55
76376.507821 56
76382.496914 56
76391.810185 57
76431.643667 56
76439.717858 56
76443.350767 55
76445.250195 55
76449.831578 56
76454.663448 56
76458.299383 57
76463.912693 57
76505.323808 56
76508.411528 56
76531.581515 55
76556.680578 55
76557.284156 55
76567.088236 56
76604.343270 55
76608.392680 54
76628.595698 54
76642.117307 55
76650.938745 54
76669.466545 54
76677.809764 54
76678.957530 54
76680.898848 53
76699.515094 53
76705.605646 53
76719.738129 52
76799.812479 51
76817.362286 52
76828.587992 52
76855.261878 53
76912.296575 52
76913.719813 53
77115.076422 53
77118.898028 53
77156.374709 53
77161.644267 54
77165.825870 54
77181.292048 55
77425.470548 54
77434.213635 54
77634.212113 54
77640.981208 54
77657.581852 54
77660.924775 54
77826.057210 53
77829.189492 53
77878.607441 53
77884.120714 53
77912.392890 52
77915.051507 53
78044.916847 52
78050.121772 52
78094.668925 52
78097.096512 52
78116.809624 51
78122.846636 52
78260.927515 51
78261.170555 52
78299.593019 52
78300.068717 53
78311.883211 53
78315.185950 54
78354.949383 53
78369.181507 54
78371.582384 55
78371.811088 55
78444.203091 54
78458.006725 54
78481.059922 53
78484.238391 53
78535.985436 53
78540.730360 53
78610.628201 53
78616.257894 53
78740.040064 52
78749.056402 53
78762.808165 52
78767.796939 52
79117.636282 51
79118.709388 52
79194.656792 51
79201.165202 51
79278.452859 50
79288.408363 51
79288.838562 51
79296.327774 52
79306.735904 52
79320.156598 53
79344.473748 53
79346.099585 54
79362.608124 54
79367.764712 55
79376.405711 54
79380.544938 54
79381.243506 54
79383.422298 54
79417.994797 53
79453.945632 54
79463.846906 54
79473.001600 54
79510.833482 53
79515.442060 54
79562.613237 53
79569.181010 54
79575.353360 54
79575.762091 54
79583.311166 53
79586.390651 53
79591.132137 53
79601.999427 53
79645.164438 52
79696.256464 53
79741.114379 52
79779.128895 52
79797.165785 51
79797.352018 52
79818.466649 51
79826.655437 52
79861.652485 52
79867.866008 52
79902.087145 52
79907.080343 53
79919.456207 54
79921.770047 53
79931.364583 54
79947.010216 54
80048.520438 54
80066.649482 54
80071.031869 53
80073.515783 53
80077.651033 53
80084.045557 53
80097.617493 52
80103.865793 53
80131.506177 54
80133.135589 53
80155.570669 53
80157.202725 54
80193.136785 53
80194.552145 54
80202.843303 54
80205.126597 55
80233.371691 54
80247.782067 55
80409.675471 55
80424.659462 56
80436.430987 55
80438.820480 56
80532.028270 56
80546.255417 57
80570.486810 57
80576.952553 57
80578.856327 58
80588.230168 58
80640.398381 58
80640.591149 58
80694.117086 57
80710.373252 57
80795.973556 56
80805.538444 56
80848.981640 56
80859.844817 56
80867.728968 57
80867.786534 57
80899.851190 56
80909.815528 57
80975.055433 56
80977.790462 56
81024.382950 55
81028.973002 55
81049.712564 55
81055.330439 55
81383.557222 54
81391.030460 55
81418.246843 55
81420.153062 55
81492.475257 55
81492.569253 55
81534.328766 54
81540.108794 55
81547.169368 55
81570.444153 56
81627.380003 55
81628.140848 56
81633.348341 55
81646.838232 56
81652.413823 56
81652.862248 56
81656.352995 56
81658.932581 55
81668.179672 55
81677.261178 54
81916.467320 53
81921.790917 53
81990.211627 53
81995.319907 54
82003.544315 54
82021.626566 54
82066.372058 54
82066.852305 54
82105.485727 54
82112.274032 54
82135.215043 53
82146.044607 53
82148.109116 53
82150.247194 53
82176.264897 53
82196.177667 53
82206.654643 54
82214.021943 53
82240.670240 52
82261.286366 53
82385.119207 52
82401.348087 52
82455.285736 52
82484.776703 53
82554.994569 52
82557.113485 53
82565.520268 53
82570.889785 53
82607.180155 52
82608.763287 52
82775.383510 51
82781.412909 52
82781.816746 52
82811.765414 52
82859.131057 52
82865.908421 52
82962.208671 51
82983.361653 51
82988.500662 51
82990.793199 52
83016.991813 51
83035.930771 51
83070.601140 51
83099.667071 52
83115.687789 52
83116.861468 52
83184.553924 51
83212.954737 52
83216.532887 51
83223.636778 51
83255.095100 51
83262.439596 52
83440.040517 52
83440.189010 53
83497.674203 52
83504.669245 53
83553.081490 52
83554.812233 53
83618.004937 53
83659.193022 54
83681.321794 53
83682.307488 53
83753.116504 53
83762.757243 54
83769.999186 54
83772.057296 54
83804.589286 53
83806.309543 53
83812.297338 53
83812.698082 53
83887.597669 53
83912.467384 54
83934.115162 53
83942.355731 53
83977.796210 52
83984.528468 53
84084.635733 53
84095.404504 54
84122.688178 54
84132.121324 54
84210.392382 54
84211.801186 54
84282.099466 53
84288.976674 54
84415.356461 53
84418.782902 53
84508.439067 53
84521.637781 54
84528.828132 54
84534.937311 54
84545.431441 53
84555.737305 54
84634.704124 53
84661.760294 54
84668.004042 55
84671.371627 56
84683.518731 55
84684.418151 55
84691.332327 54
84715.832781 54
84718.588207 54
84719.013071 54
84799.049882 54
84847.585293 55
84910.830163 54
84915.873424 55
84930.902274 54
84931.856059 55
84973.704684 55
84985.731875 56
85126.303096 55
85157.911819 55
85347.230359 54
85353.190138 55
85417.438824 54
85420.572555 55
85456.919817 55
85457.987031 56
85564.837598 56
85582.886010 56
85584.850988 55
85601.824145 56
85646.388941 55
85649.197771 55
85653.341322 56
85666.087288 55
85719.609883 54
85748.151720 54
85776.514237 53
85800.973183 53
85817.814792 52
85840.543835 52
85911.801008 52
85915.485788 52
86108.502681 51
86122.455992 51
86155.529816 50
86159.592659 51
86202.906860 51
86227.098276 51
86238.913949 52
86241.496714 51
86248.711104 50
86253.348546 51
86299.390735 50
86315.097316 51
86353.516114 50
86371.595724 51
86434.899588 51
86435.077381 52
86506.652974 51
86515.077187 51
86591.912936 50
86594.067254 50
86668.105820 49
86680.082167 49
86685.209776 48
86689.153316 49
86709.653243 48
86724.759743 49
86741.636162 49
86754.226915 48
86754.331085 48
86765.352139 49
86777.218010 48
86783.467373 48
86828.710870 47
86845.879104 47
86929.694111 46
86942.945183 47
86951.701911 46
86953.137361 46
86958.755567 46
86994.868871 46
87032.503496 45
87036.768997 46
87052.434498 46
87072.972264 47
87218.909202 47
87244.744998 48
87513.979377 47
87519.190069 47
87527.228497 46
87528.434554 47
87535.862336 46
87540.569461 47
87541.226221 46
87550.109009 46
87653.661543 46
87655.085759 47
87655.358851 46
87659.228547 47
87823.677964 47
87824.838877 48
87939.716322 47
87943.593401 47
87948.112390 46
87988.607187 47
88202.986637 47
88220.963038 47
88254.541798 47
88262.023855 47
88284.223448 46
88285.170076 46
88376.185724 46
88388.252585 46
88403.580143 45
88418.356861 45
88421.002304 46
88425.250214 45
88452.004154 44
88462.689249 45
88536.191780 45
88555.091103 45
88686.724785 45
88687.089420 46
88726.483099 46
88727.514233 46
88904.436376 46
88904.479693 47
88921.710291 46
88922.852206 46
88933.809047 46
88940.783473 47
89007.721033 47
89020.407262 47
89033.574816 46
89036.979958 47
89053.954577 46
89071.647267 47
89093.825053 46
89111.361601 46
89201.484310 45
89206.006409 45
89314.666295 44
89339.543044 45
89373.871785 44
89379.352155 44
89534.333413 44
89542.208586 44
89570.511830 44
89570.516276 45
89579.761708 45
89581.163935 46
89620.455350 45
89623.126713 46
89660.530047 46
89674.981039 46
89759.887530 45
89761.449770 46
89796.084007 45
89803.892149 46
89911.255664 45
89930.675587 46
90010.070340 45
90014.444998 45
90095.596625 45
90101.020623 45
90108.329830 46
90112.007484 45
90219.192006 45
90262.810562 46
90263.833583 46
90271.347565 47
90420.155791 46
90429.842517 47
90435.356002 47
90439.875505 47
90442.877722 46
90442.899049 47
90462.083560 46
90471.755952 47
90475.313151 48
90480.686910 48
90485.648206 49
90495.803477 49
90497.458365 48
90513.743747 47
90616.060839 47
90617.223455 48
90776.927766 48
90778.402109 49
90816.107314 49
90833.133174 50
90898.937094 50
90908.473897 51
90931.733537 51
90933.625931 51
91043.273080 50
91045.591161 51
91049.828463 52
91059.020651 52
91091.622616 51
91110.165423 52
91117.636245 51
91118.281502 52
91122.340303 52
91124.322550 52
91161.155014 51
91168.265816 52
91193.444293 51
91195.520819 52
91359.341644 51
91360.949515 52
91364.256715 52
91374.464889 51
91428.339108 50
91447.810068 51
91508.131950 51
91511.557927 52
91637.941448 52
91638.714007 52
91647.415697 52
91659.478558 52
91664.108394 51
91675.931397 52
91740.069649 51
91744.627668 51
91872.022532 50
91873.665615 50
91878.847244 50
91895.400771 51
91905.507301 51
91933.633629 51
91965.107850 51
91974.332027 52
91985.561536 51
91988.020939 52
91989.544734 52
92000.123722 52
92000.836627 52
92008.595208 52
92011.494132 51
92012.614571 52
92127.354211 51
92129.320946 52
92132.131893 53
92135.818422 53
92164.640267 53
92169.077602 53
92184.985963 52
92193.236931 52
92193.571032 53
92199.074348 53
92220.016745 52
92224.519985 53
92302.234015 52
92306.149483 53
92326.099299 53
92334.284934 53
92337.668077 53
92347.968722 53
92376.880436 53
92382.418707 53
92390.891065 53
92395.326294 52
92508.591152 51
92514.127962 52
92551.246012 51
92551.755539 51
92617.504722 50
92623.769345 50
92785.358974 50
92788.405217 50
92792.673105 50
92795.852826 50
92816.717412 50
92819.953362 50
92826.224743 50
92828.198733 50
92833.638242 51
92843.345452 50
92860.527238 51
92862.591333 51
92950.047788 51
92950.720346 51
93009.865552 51
93027.964537 51
93052.226830 50
93079.694113 51
93109.702448 51
93119.800118 51
93168.430626 50
93168.871895 50
93184.621396 50
93187.499605 50
93251.245038 50
93268.360069 51
93314.312869 51
93326.072604 51
93329.762738 50
93343.588855 50
93386.685031 49
93388.009305 50
93398.670963 49
93403.887227 49
93437.226225 48
93447.074299 49
93450.598021 49
93459.757931 50
93494.228606 49
93494.682412 49
93497.630322 48
93506.537686 48
93542.883258 48
93552.411927 48
93572.657775 48
93598.205904 49
93605.009667 48
93608.312732 48
93620.294797 48
93625.111969 49
93625.357219 50
93630.369620 51
93657.291412 50
93683.814756 51
93685.133135 51
93691.354913 52
93694.740103 51
93704.549232 51
93712.620444 51
93720.168267 51
93733.198540 51
93744.522236 50
93822.215719 49
93825.128880 50
93829.216063 50
93832.080409 49
93912.615399 48
93952.944527 48
94003.534037 47
94009.568052 48
94012.541260 48
94021.327254 48
94125.853577 47
94131.190687 48
94193.665322 48
94198.423010 49
94207.977685 49
94216.113599 49
94227.649465 49
94238.072875 49
94262.737968 49
94268.974458 50
94272.905774 50
94276.224188 50
94289.266810 50
94299.922884 50
94349.245442 50
94352.163752 51
94530.246040 50
94539.607241 51
94660.004941 51
94664.848261 51
94731.273143 50
94735.179080 51
94772.486873 50
94779.121884 50
94785.436054 49
94793.623490 49
94803.223433 48
94803.376141 49
94807.872279 50
94811.338445 50
94936.815572 50
94937.203585 51
94946.076059 52
94957.829402 52
94959.960302 52
94966.245845 53
94966.997549 53
94995.521222 53
94995.712372 53
95004.856341 53
95099.278396 52
95105.344262 53
95107.659644 52
95109.241731 53
95169.663509 52
95174.932245 52
95175.553334 51
95193.080615 51
95229.473052 51
95230.133516 51
95356.996736 51
95378.202525 52
95380.372495 51
95392.603645 52
95439.280194 52
95440.219636 53
95446.346040 52
95467.673823 52
95534.380251 51
95539.516177 51
95594.522333 51
95613.037044 52
95687.383908 52
95696.701423 52
95724.968379 51
95755.268822 51
95763.160957 51
95773.277669 52
95831.984196 51
95878.099239 52
95981.602714 51
95993.765059 52
96036.119749 51
96045.136151 51
96128.524513 51
96135.269949 51
96296.157094 51
96307.051062 51
96311.867124 51
96313.587134 50
96335.450527 50
96343.132067 49
96359.477696 49
96370.244865 50
96404.157053 49
96405.023286 50
96439.236740 49
96442.925913 49
96450.059403 49
96458.912229 50
96512.329950 50
96518.124387 50
96553.325636 50
96553.603355 50
96564.388745 50
96581.413987 50
96583.047986 49
96610.271096 49
96620.773848 48
96629.141094 48
96633.879209 47
96642.948328 47
96660.506179 47
96662.395545 47
96666.925145 48
96670.904629 47
96710.082695 47
96711.472048 47
96721.240842 47
96741.894360 47
96760.756057 46
96774.431469 47
96785.680583 47
96788.410487 48
96796.454899 47
96796.783609 48
96798.856795 47
96821.051656 48
96852.857678 48
96870.083427 49
96874.409602 50
96885.457727 49
96898.411697 49
96898.717481 50
96933.070829 49
96948.695046 50
96952.763736 49
96960.757977 49
97131.933440 49
97134.715864 49
97187.525067 48
97191.309478 48
97210.520296 47
97223.167483 48
97239.600327 48
97242.211632 48
97262.153816 47
97280.537090 48
97288.786054 47
97291.541455 48
97358.606072 47
97364.556979 47
97390.729389 47
97393.732418 47
97431.238447 47
97455.571521 48
97500.250753 48
97507.017682 49
97530.020563 49
97535.595683 50
97682.946003 50
97695.558088 51
97775.062571 50
97777.417238 50
97784.805403 50
97786.509898 50
97786.584275 51
97809.800233 52
97815.321135 51
97825.133783 50
97846.031336 49
97846.236064 49
97950.164964 49
97957.020609 50
98005.433819 49
98019.660116 50
98025.460013 49
98041.663027 49
98044.719633 49
98046.960974 50
98142.773039 49
98157.800484 50
98217.612145 49
98223.710271 50
98273.713518 50
98290.372105 50
98314.657326 49
98315.182380 49
98325.474560 48
98342.066974 48
98344.514243 48
98357.583724 48
98493.451822 48
98513.425104 49
98625.542692 48
98628.915954 49
98636.161254 48
98637.284687 49
98644.318113 50
98649.971302 50
98651.311469 49
98673.524660 49
98679.943086 49
98689.434605 50
98703.670832 50
98708.635332 50
98757.078000 49
98765.685482 49
98777.125690 49
98791.419349 50
98834.279741 49
98838.558165 50
98890.164436 50
98890.758828 51
98912.157670 50
98915.631030 50
98966.508666 49
98967.606325 49
98968.825376 49
98970.746612 50
99089.893027 49
99090.190672 49
99347.388686 48
99347.878494 49
99361.277012 48
99362.547342 49
99385.169091 48
99403.013087 49
99412.187740 49
99412.995318 49
99515.618994 48
99530.409739 49
99622.881621 48
99629.263021 49
99640.812253 48
99653.958624 49
99673.634548 49
99684.377628 50
99686.169179 49
99688.473222 49
99758.906663 48
99765.563108 48
99789.663447 48
99792.870079 48
99843.716430 48
99882.940540 48
99928.270094 47
99942.506117 48
99945.206349 48
99948.221399 48
99967.427296 48
99989.272542 48
100000.000000 48
