# t N
67.989496 0
69.108177 1
297.772558 1
303.851213 2
329.068462 2
337.165376 3
358.020760 3
369.264814 3
375.978596 2
376.346363 3
466.263588 2
468.636854 3
471.379639 3
475.226906 3
485.536588 4
493.427497 4
513.866837 4
519.642185 4
520.714680 3
542.131524 4
632.185734 4
658.819218 4
681.738249 3
699.794531 3
715.081328 3
759.364221 4
848.789186 4
866.209309 4
896.423140 4
896.542193 5
913.295029 6
937.088084 6
1000.051734 5
1010.958031 6
1021.572800 7
1022.762004 6
1042.976993 6
1070.516711 6
1084.710653 5
1108.200250 5
1279.191866 4
1285.037538 5
1310.380943 4
1320.193698 4
1333.703257 4
1343.237431 5
1355.461724 5
1368.432649 5
1369.502583 6
1389.689693 6
1396.006923 5
1399.848277 6
1581.737577 5
1589.358493 6
1623.849525 5
1627.281243 6
1669.254279 5
1681.563864 6
1696.643514 6
1708.584589 6
1720.328892 5
1721.859986 6
1786.056416 6
1786.351397 6
1873.114433 5
1880.725444 6
1932.967830 5
1937.458410 6
1981.485546 6
1999.048474 7
2022.366409 6
2023.581448 7
2074.087539 7
2096.774169 8
2102.658017 8
2115.303671 9
2132.809817 9
2141.938964 10
2143.848438 10
2150.083266 10
2153.307272 9
2166.780758 9
2174.034923 9
2183.512170 10
2230.364492 9
2232.890392 10
2272.664008 10
2284.851263 10
2292.311385 9
2301.950857 10
2303.821931 11
2304.681750 12
2344.804584 12
2364.565253 12
2382.619909 11
2384.189283 12
2384.212068 13
2396.996584 12
2420.716030 11
2424.968644 12
2456.762909 11
2460.326830 11
2463.917601 10
2480.326330 10
2719.793222 9
2730.297462 9
2791.784649 8
2813.791875 9
2865.161323 8
2866.895810 8
2921.039250 8
2923.419135 8
2933.340650 7
2936.621548 8
3038.617125 8
3041.546995 8
3149.313547 8
3164.670092 8
3166.630790 8
3169.664439 9
3346.232852 8
3351.583531 9
3363.455082 9
3366.643312 10
3371.207526 11
3381.436696 10
3384.687276 10
3385.949087 9
3428.724628 8
3432.249183 8
3498.822850 8
3519.375684 9
3531.677918 9
3543.223058 10
3556.588839 9
3561.432012 10
3577.784890 10
3582.918415 11
3602.087025 10
3603.915823 10
3678.751316 10
3696.204541 11
3717.687654 10
3720.468587 10
3745.639130 9
3749.547210 9
3764.085768 10
3767.795511 10
3775.669371 11
3783.202413 10
3787.805663 10
3791.547235 10
3811.238121 9
3811.403989 9
3813.456416 10
3819.079609 10
3824.756011 10
3829.341763 10
3831.260265 11
3832.498188 11
3846.085266 11
3847.176140 11
3862.639261 11
3873.529138 11
3890.223488 11
3890.827848 12
3939.007046 11
3957.703004 12
4032.705147 11
4054.702166 11
4080.969371 12
4084.832982 12
4137.100947 12
4141.402855 13
4157.379707 12
4157.457677 12
4164.694866 12
4167.984622 11
4179.569039 11
4179.610979 12
4221.323039 12
4262.734459 13
4320.972225 13
4355.261811 14
4411.744497 14
4449.966059 14
4457.318410 13
4461.088732 13
4501.399080 12
4506.625309 12
4524.046618 11
4524.214990 12
4537.805372 12
4545.932035 12
4548.580563 13
4553.582817 12
4862.894579 12
4871.480444 13
4881.680739 13
4888.078134 13
4896.805824 13
4908.525792 14
4930.573464 13
4931.026542 14
4994.194212 14
4994.243387 14
5012.726141 14
5014.263475 15
5015.578812 14
5021.895750 15
5096.677095 14
5101.934202 14
5123.146614 13
5124.114953 13
5184.322453 13
5192.494117 14
5195.729926 15
5196.514251 14
5254.031248 14
5255.389161 14
5256.925593 13
5271.096278 13
5311.118703 13
5319.911177 13
5325.563681 13
5333.476487 12
5334.789683 13
5334.953947 13
5338.844690 12
5347.647345 13
5443.133796 13
5465.962275 13
5473.243858 14
5493.833088 13
5508.235543 14
5509.576629 14
5551.806628 14
5573.475889 14
5585.489518 13
5586.834568 14
5590.733683 13
5593.526740 14
5625.950700 13
5631.452569 13
5645.062898 13
5646.405806 13
5722.245314 13
5722.848385 14
5748.130409 14
5760.177393 14
5786.035473 13
5788.238779 14
5788.310455 14
5799.103043 15
5803.055165 15
5813.271029 14
5869.807325 13
5873.334907 13
5882.468875 13
5892.837631 14
5938.608828 13
5938.970151 14
5992.256546 13
6009.012223 14
6090.334803 13
6107.718156 14
6160.190147 13
6167.187759 13
6331.552655 13
6332.352303 14
6369.751733 13
6375.352047 13
6393.066550 13
6397.061812 13
6401.872063 13
6407.201063 13
6410.778834 12
6418.920372 12
6433.568491 11
6442.983754 12
6578.995195 11
6593.109540 12
6602.453303 12
6603.459944 11
6658.547504 11
6660.458077 12
6666.209346 13
6682.289356 12
6683.243363 12
6683.523836 11
6726.732621 10
6729.214336 11
6736.185826 11
6741.565442 11
6887.304928 10
6906.961877 11
6931.945441 10
6947.508042 11
7023.746233 10
7026.146031 10
7056.594202 10
7059.887537 10
7328.816668 10
7329.250514 10
7336.522858 9
7363.266324 9
7727.100654 9
7730.130153 9
7734.860163 9
7742.952252 8
7756.827249 8
7772.912356 9
7784.522248 8
7806.433329 7
7883.840738 6
7888.206873 7
7938.005137 7
7958.031460 8
7994.004906 8
8005.097673 9
8066.089354 9
8096.202539 9
8102.602005 9
8104.342792 10
8338.727294 10
8340.238176 10
8414.535495 10
8414.743380 11
8442.785825 11
8446.581924 12
8457.490201 13
8458.441306 13
8476.423366 13
8483.685885 14
8558.498019 14
8560.221591 15
8626.248829 14
8649.220529 14
8672.460471 14
8676.908433 14
8681.696879 14
8700.804043 13
8785.020075 12
8792.602223 13
8793.657655 13
8803.798191 13
8870.620036 13
8871.459500 14
8875.254683 13
8906.890975 13
8911.988669 13
8922.644157 12
9027.893189 11
9037.738657 11
9070.645034 10
9104.654735 10
9174.495530 10
9183.573746 10
9279.506695 9
9289.738528 9
9303.513884 8
9322.454776 9
9385.249036 9
9389.740317 9
9392.021858 8
9418.530491 9
9430.673828 9
9434.261882 8
9521.736771 7
9531.407185 7
9591.511710 7
9598.268074 8
9607.623560 9
9612.113287 8
9641.412641 7
9643.264895 8
9689.609811 7
9689.692516 7
9724.783020 7
9732.677907 8
9895.490834 8
9899.879195 9
9932.004061 8
9933.303744 9
9957.208777 9
9970.203152 10
9985.432387 11
9988.396590 11
9989.167695 10
10002.488026 10
10002.846290 9
10006.979059 10
10021.805625 10
10025.215607 10
10118.725330 10
10120.404707 10
10132.417862 10
10140.391663 11
10246.771241 10
10252.485985 10
10256.578414 10
10257.258121 9
10262.262092 9
10268.324849 9
10280.962892 10
10287.384290 9
10489.167258 9
10504.914121 9
10516.093899 9
10519.840828 9
10521.083078 9
10554.938021 10
10566.027123 9
10566.192081 9
10588.672630 8
10590.528198 8
10601.758642 8
10603.601158 9
10635.681846 9
10639.288623 10
10778.927017 9
10780.826466 10
10819.501432 10
10842.382646 11
10861.766850 10
10866.245222 11
10945.860383 10
10951.089411 11
10960.970216 11
10971.051276 11
11042.860311 11
11043.633180 12
11070.956439 12
11085.675437 12
11085.710951 13
11096.231160 12
11201.681987 11
11211.148684 12
11257.646720 11
11270.513525 12
11272.252400 12
11287.602839 11
11307.470175 10
11317.839213 10
11319.250469 10
11319.282933 10
11386.476802 10
11396.295846 11
11449.772405 10
11452.217880 10
11502.755645 9
11505.692331 10
11611.330864 9
11641.475881 9
11704.073507 9
11704.483670 9
11801.002301 9
11809.199132 9
11819.230895 8
11822.897366 8
11831.406338 9
11834.831818 8
11852.986279 8
11872.490179 8
11915.399163 8
11920.755086 8
11926.446503 8
11948.541469 8
11959.011352 7
11959.764879 6
11992.750607 7
11998.451751 7
12056.483335 6
12059.887016 7
12063.082493 8
12070.802537 7
12101.216219 6
12102.794788 6
12157.770223 5
12164.429354 5
12171.124054 6
12178.297223 5
12184.856024 6
12210.436877 5
12212.109783 5
12229.608998 4
12242.619803 4
12244.274385 4
12454.555717 3
12458.581422 4
12484.277719 3
12484.323932 3
12502.779262 2
12502.807818 3
12523.509183 2
12550.277738 2
12592.386646 2
12607.461247 3
12652.723666 4
12668.638688 4
12679.050263 3
12688.587880 2
12763.217936 1
12797.331346 2
12946.542793 2
12948.973054 3
12950.642242 3
12953.719924 4
12963.957700 4
12968.340167 3
12972.380441 3
12973.249080 4
12980.048393 4
12982.977410 4
13008.445453 3
13009.548918 4
13013.273747 4
13018.328847 5
13031.777822 4
13033.572947 5
13053.306925 6
13061.662864 6
13061.854109 6
13082.232359 5
13148.956707 4
13150.576318 4
13151.521939 4
13185.777279 5
13193.471712 4
13220.388499 5
13349.397907 4
13370.044147 5
13373.412985 6
13418.049566 6
13523.529552 5
13528.068717 5
13556.864602 4
13565.703465 5
13592.227176 5
13593.964640 6
13630.128286 5
13636.739535 5
13641.922339 4
13645.875614 5
13681.463156 4
13682.223533 4
13696.652319 5
13709.343208 5
13833.652897 4
13861.625444 4
13869.421579 3
13893.121089 3
13905.202940 2
13909.152153 2
13957.297170 1
13959.731457 2
13983.997507 2
13987.795744 3
13988.749596 2
13994.655088 2
14086.448410 1
14092.959468 2
14098.488745 1
14112.119912 2
14135.761106 2
14135.960723 2
14159.619952 1
14165.473319 1
14197.203533 1
14204.220908 2
14215.360305 2
14231.009107 2
14271.683288 2
14277.302960 3
14288.680275 4
14302.905712 4
14316.690141 4
14324.077228 4
14352.855501 4
14354.742255 4
14448.187086 4
14461.790005 5
14502.389088 4
14503.161082 5
14542.816427 4
14549.454715 4
14554.499492 3
14558.342181 3
14711.520534 2
14719.765073 3
14809.596696 3
14821.442726 4
14883.437554 3
14884.165633 4
15039.631764 3
15081.504889 3
15142.710721 2
15145.006650 3
15217.043024 2
15244.208533 3
15246.729000 3
15257.742007 3
15272.520848 3
15277.001311 3
15288.524453 3
15293.791984 4
15306.254954 3
15308.429148 3
15365.560986 3
15366.572825 3
15384.340071 2
15384.360898 3
15389.717105 3
15391.743436 2
15457.813266 1
15465.733988 2
15629.833832 1
15629.846937 2
15637.479576 2
15640.503549 3
16010.670610 3
16025.617009 3
16090.026153 3
16116.135305 3
16117.420821 2
16123.472451 2
16137.100684 1
16147.372720 2
16176.126777 1
16182.597134 1
16183.374402 1
16196.704113 2
16376.993075 1
16381.723860 2
16449.818700 1
16471.030190 2
16489.524444 2
16489.934341 2
16533.881249 2
16534.181409 2
16536.311874 1
16537.038021 1
16539.750578 1
16548.996176 2
16630.445215 1
16644.401149 2
16791.695512 1
16811.231620 2
16904.143528 1
16911.824206 2
17040.692717 2
17050.786947 3
17066.562465 2
17070.369107 3
17106.993568 3
17116.306329 4
17317.252239 3
17331.172556 4
17435.605637 4
17437.575585 5
17442.880404 6
17445.188686 6
17473.471567 6
17504.317365 7
17512.348532 7
17512.403590 7
17646.593042 6
17648.053665 6
17722.773512 6
17735.379479 7
17755.922267 7
17767.242847 7
17938.587021 6
17943.397125 7
17960.877207 6
17965.593942 6
18003.399450 5
18004.524280 6
18057.748693 5
18066.105284 6
18231.081531 5
18231.437993 6
18235.860238 6
18250.545361 6
18294.483107 5
18298.742666 5
18353.227823 5
18362.040014 5
18364.690938 5
18369.896470 5
18451.949544 4
18457.595244 5
18459.901576 5
18474.141097 4
18476.125078 3
18482.972449 3
18500.193620 3
18507.319664 4
18543.963442 3
18546.171703 3
18561.383903 2
18576.302974 2
18609.629712 2
18614.440902 2
18626.337462 3
18635.713889 3
18730.178371 2
18736.658503 2
18850.463356 2
18854.493658 3
18854.846087 3
18872.409028 3
18888.273755 3
18890.640913 2
19017.413308 2
19038.041095 3
19125.506163 2
19125.827215 3
19211.349248 2
19215.112238 3
19290.550303 2
19292.499338 2
19300.574502 2
19311.514187 3
19372.659076 2
19383.202250 3
19607.874649 2
19613.586232 3
19714.694723 2
19723.009998 3
19731.853075 2
19740.835591 3
19746.954142 2
19749.636884 3
19889.542444 3
19892.839009 4
19895.336404 3
19897.443465 3
19928.244586 3
19940.742796 3
20010.895009 3
20040.033529 4
20129.239147 4
20132.988111 5
20136.423248 5
20155.637760 6
20178.982192 6
20186.066979 7
20187.404599 7
20207.669876 6
20225.333400 7
20226.911870 7
20228.668742 7
20260.204395 7
20315.802980 7
20321.117992 7
20335.497471 7
20341.640293 6
20767.931172 5
20771.692246 6
20849.539995 6
20862.180803 7
20877.078686 6
20878.848802 7
20919.762957 8
20953.206813 7
20979.736054 8
20982.991222 8
20986.737896 8
20989.180234 8
20995.374413 8
21032.452411 8
21041.676935 7
21048.030175 8
21091.586552 7
21107.310907 8
21195.845363 8
21198.375572 9
21206.822696 8
21208.847508 8
21209.864773 8
21233.888366 9
21244.468824 8
21251.982526 8
21254.168689 9
21254.833413 8
21282.565640 7
21289.370461 7
21292.244398 7
21295.690875 8
21477.494894 7
21491.331428 8
21555.765849 8
21566.043783 9
21577.464445 8
21585.873395 8
21609.045729 7
21615.305918 8
21617.796392 7
21625.606607 7
21741.733282 6
21744.182953 7
21782.472133 7
21782.712342 8
21799.735983 8
21800.466078 9
21810.412483 9
21819.436449 10
21819.554980 10
21840.684315 9
21894.486581 9
21897.332203 9
21899.266858 10
21910.201808 10
21916.139615 10
21925.899948 10
21936.675516 9
21940.814876 10
21956.280003 9
21989.833929 9
22043.149287 9
22072.219168 9
22088.899773 8
22088.944913 9
22124.601340 9
22125.709770 9
22131.586442 8
22142.466631 9
22225.845156 9
22231.441745 9
22280.487563 8
22292.180520 9
22407.951628 8
22422.092193 8
22456.328618 8
22458.823590 9
22574.267850 9
22576.082861 9
22583.682325 8
22587.718121 8
22643.742258 7
22645.035351 7
22659.293296 6
22669.902949 6
22673.663463 5
22693.288633 5
22804.537447 5
22804.639316 5
22814.099672 4
22815.588191 4
22898.198414 3
22899.363515 3
22931.822817 3
22946.399685 4
22948.262728 3
22949.631648 3
22971.712194 2
22972.034660 2
23016.181147 1
23019.224040 2
23098.383906 1
23128.333431 2
23137.777991 2
23137.929486 3
23154.928471 4
23157.399931 4
23177.570406 3
23179.378905 3
23195.147075 2
23204.720745 2
23293.150330 1
23315.264813 1
23383.172681 0
23410.180328 1
23465.623849 0
23467.099286 1
23521.824083 1
23536.808028 2
23540.944703 1
23541.124573 1
23585.346276 2
23586.022345 2
23586.379668 3
23588.611588 3
23609.033876 3
23617.007918 3
23629.299554 3
23632.631945 3
23649.595001 2
23653.454379 2
23662.729616 2
23683.395623 2
23697.645827 3
23698.004664 2
23705.982586 3
23706.503728 3
23715.923983 2
23720.996023 3
23869.640663 3
23877.420056 3
23901.098373 2
23912.282842 3
24079.383821 2
24094.324884 3
24109.935218 2
24116.527530 3
24120.188708 4
24145.109848 3
24231.226138 3
24232.817322 3
24245.968784 4
24246.695026 5
24248.745151 5
24267.463589 4
24338.512829 3
24357.161667 4
24372.743055 4
24379.540691 4
24546.984131 4
24553.842590 5
24659.174907 5
24667.394557 5
24719.138071 4
24728.889790 4
24731.683973 4
24735.450971 5
24741.628015 5
24749.203604 6
24862.952608 6
24864.029643 6
24909.015042 6
24927.561433 6
24932.170704 6
24933.475857 7
24947.860525 7
24947.862086 8
24967.056547 8
24971.140456 8
25030.480137 8
25039.658847 8
25071.128025 7
25083.425995 8
25096.137880 7
25104.932024 8
25120.901016 8
25125.635883 9
25132.604286 8
25134.478497 8
25142.245958 8
25150.873409 7
25233.030365 7
25234.129186 8
25302.659696 7
25304.457151 7
25390.946936 6
25396.308778 7
25469.647321 6
25472.648909 7
25597.492575 7
25602.728895 7
25676.153236 6
25678.115160 6
25686.206968 5
25688.152057 6
25825.857895 5
25831.612440 6
25840.826172 6
25852.703881 5
25991.253998 5
26014.782722 5
26146.885201 5
26156.032932 6
26168.199460 5
26174.133779 6
26209.250266 6
26209.735537 7
26327.072963 7
26331.558017 8
26344.413622 7
26345.720993 8
26373.530571 9
26373.730566 8
26557.298349 8
26564.345749 8
26572.624515 8
26585.355826 9
26678.244665 9
26685.110640 10
26691.734468 9
26698.997904 9
26700.998143 8
26708.990862 8
26770.727910 7
26771.899752 7
26774.336195 8
26778.104712 7
26783.798457 8
26792.149421 8
26804.580508 7
26812.009307 8
26830.033833 7
26831.504559 8
26942.769736 8
26943.940373 9
27066.022298 8
27067.802624 9
27111.504013 8
27116.118619 9
27182.553232 8
27196.135417 9
27276.429267 9
27280.067971 9
27282.100112 8
27295.050686 8
27297.216580 8
27309.792166 9
27315.667279 9
27317.047973 9
27317.961909 8
27319.434006 8
27332.166925 8
27332.469222 8
27481.781334 7
27482.790124 8
27499.146573 8
27501.276303 9
27505.963954 8
27528.126047 8
27619.728838 7
27628.268882 8
27719.474806 7
27721.155180 8
27919.446153 8
27923.279657 8
27940.306388 8
27947.652485 9
27954.462941 9
27955.673378 9
27959.723048 8
27961.862049 9
27979.326462 9
27991.239247 9
28048.813548 9
28053.685383 10
28070.264357 10
28071.396524 11
28095.971401 11
28111.161212 11
28114.443515 10
28115.776674 11
28138.779600 11
28149.972362 12
28176.704684 12
28192.452089 12
28250.082319 11
28255.730471 11
28336.478581 11
28337.334898 11
28395.422798 10
28397.723602 10
28403.187246 10
28403.242979 10
28470.851430 10
28479.225991 10
28479.648187 9
28484.680799 9
28575.434014 8
28576.319848 9
28584.286783 9
28589.639374 9
28688.063926 8
28693.373268 9
28730.629848 9
28731.567550 9
28862.060536 8
28875.593540 9
28895.324803 10
28895.345658 9
28974.676185 9
28977.458749 10
28984.297798 9
28985.539717 10
28993.286527 9
28994.940046 10
29019.910710 10
29024.859350 10
29027.745029 9
29031.088347 9
29068.478963 9
29114.282489 10
29218.398919 9
29224.265689 9
29253.836361 8
29263.728645 9
29279.135795 9
29290.404498 9
29333.432751 9
29340.657074 9
29467.572463 8
29474.967882 8
29476.843313 8
29486.139927 8
29519.239948 7
29536.146246 7
29589.270137 7
29596.683028 7
29682.998302 6
29696.033521 6
29768.885215 5
29771.897176 6
29792.505447 5
29810.948860 6
29814.676496 6
29821.088330 7
29823.367347 7
29825.831865 8
29839.578410 8
29840.748455 8
29904.082027 8
29907.884096 9
29987.400027 9
30006.429251 9
30070.461482 9
30086.281860 9
30154.374137 9
30179.714930 9
30209.512729 10
30210.075423 10
30235.839712 9
30237.329391 10
30269.349904 10
30274.374784 10
30373.234019 9
30386.493851 9
30396.377582 9
30397.508724 9
30490.274337 9
30492.247538 9
30572.958858 9
30578.299325 9
30778.776021 8
30780.449936 8
30849.111486 8
30851.293253 8
30866.363097 8
30871.118041 8
30917.192026 8
30918.783312 8
30934.715118 7
30954.067964 8
30966.199447 8
30977.105453 9
30981.352227 10
30982.754215 10
30988.390424 11
30995.395012 11
30998.793081 11
31000.078732 10
31039.747149 10
31043.319022 10
31055.517027 10
31062.648509 9
31065.977638 9
31069.029791 8
31080.099597 7
31083.415187 8
31138.926201 7
31141.711346 7
31248.696863 7
31252.987633 7
31270.263842 7
31271.474091 7
31309.820912 7
31311.977987 7
31349.703060 6
31359.902530 7
31428.090919 7
31429.369055 8
31474.264485 7
31523.332232 7
31570.508821 7
31581.315253 7
31595.690470 7
31602.001650 7
31605.558299 7
31612.037404 7
31682.834347 7
31688.215258 7
31712.092726 7
31726.222655 8
31726.361272 8
31729.472604 7
31801.395010 6
31805.138682 6
31806.049724 6
31806.101481 5
31854.414048 4
31855.536001 4
31858.500010 3
31861.334431 4
31862.561209 5
31874.188394 4
31930.599077 3
31946.446246 4
31966.789411 3
31966.928416 4
32004.891738 4
32009.301127 5
32019.786842 4
32027.454428 4
32063.011150 3
32070.673774 3
32071.901564 3
32072.830354 4
32079.927729 4
32082.319448 4
32101.774865 3
32110.739968 4
32131.685245 3
32135.878114 4
32214.285914 4
32241.356378 4
32292.905753 4
32294.056860 4
32300.962681 3
32304.314947 3
32433.198189 2
32440.062721 2
32453.356431 1
32453.408767 2
32597.938970 2
32599.399954 2
32731.807678 1
32757.052747 1
32757.641874 2
32773.345222 2
32783.965150 3
32788.680410 2
32808.047636 1
32829.159611 1
32835.090376 1
32842.186614 1
32856.133599 0
32857.255817 1
32889.566911 1
32897.919132 2
32919.616871 1
32930.965397 2
32949.388668 2
32954.120334 2
32964.801140 1
32968.952247 1
32973.709183 0
32984.099059 1
32997.067898 0
32998.210532 1
33052.259003 1
33059.399734 2
33188.435947 2
33188.921236 3
33308.571529 2
33308.839823 2
33332.761079 2
33335.951038 3
33466.679655 2
33492.693923 2
33551.968623 2
33559.300925 2
33598.662976 1
33604.961677 2
33724.212112 1
33727.828655 2
33751.369569 2
33766.935370 2
33947.427178 2
33950.144971 3
33951.832394 4
33955.821675 3
33956.133363 3
33968.614598 4
33992.178770 4
33994.025546 5
34019.721389 5
34045.799408 6
34121.712467 5
34123.715411 6
34168.626473 5
34170.747417 5
34208.393579 4
34222.890050 4
34298.071590 3
34302.059770 4
34355.242041 4
34355.805722 4
34509.758138 4
34510.412211 4
34553.981830 3
34557.697366 3
34597.338344 4
34608.247615 3
34763.311516 2
34770.393601 3
34787.894463 2
34798.146972 3
34814.991602 2
34816.054243 3
34936.484987 2
34939.007924 2
34958.646845 1
34977.867729 1
35007.276483 1
35016.063804 2
35022.084742 1
35032.403564 2
35044.455412 2
35051.990843 3
35068.551641 3
35080.033561 3
35081.578172 3
35085.910409 4
35096.802824 3
35101.017158 3
35106.764812 4
35115.592715 4
35145.821632 3
35148.503379 4
35178.828323 3
35189.856752 3
35276.944329 2
35293.485556 2
35360.377540 2
35360.811438 3
35365.349793 2
35366.705425 3
35372.753046 4
35380.448778 4
35380.581761 4
35380.591233 3
35540.577806 2
35543.505954 3
35554.613589 3
35563.580811 3
35581.708272 3
35582.271543 3
35622.404846 2
35627.032996 3
35636.282996 2
35644.472758 3
35653.848904 3
35680.370809 4
35699.463782 3
35702.899425 3
35759.606030 2
35761.271761 2
35806.489463 1
35822.421525 2
35905.358969 1
35907.561659 2
35944.657388 1
35946.820975 2
35955.459153 2
35956.254803 3
36056.710332 3
36067.088199 4
36263.972919 4
36265.251360 4
36338.716429 3
36350.398241 4
36417.069933 3
36431.282079 4
36444.763713 3
36450.197139 3
36477.264991 3
36498.154924 3
36498.512314 2
36503.675407 2
36525.273452 3
36539.661363 2
36595.024808 1
36598.764920 2
36603.667798 2
36603.755139 3
36680.349467 3
36687.108784 4
36690.401751 4
36695.617617 3
36724.763350 2
36724.908866 3
36800.063724 3
36800.670537 4
36802.228404 4
36808.629218 4
36829.855517 4
36831.706536 5
36876.045755 5
36877.623546 6
36888.106062 5
36907.140494 5
36909.674339 5
36917.791280 6
36955.892207 5
36958.489399 4
36965.298931 4
37001.795171 5
37007.269792 6
37016.854350 5
37023.770868 6
37038.716743 5
37103.981967 5
37123.845595 5
37130.407710 5
37153.998884 5
37204.973985 5
37210.957541 6
37218.753003 6
37220.871636 6
37237.997701 5
37242.728153 5
37253.747019 5
37282.893858 5
37285.618802 6
37286.861778 5
37342.836669 4
37357.107946 4
37435.657400 3
37440.887240 4
37623.840958 3
37625.574077 4
37763.018553 3
37766.038610 3
38150.412185 2
38155.554370 2
38245.774606 1
38277.288975 2
38290.681399 2
38306.858693 2
38343.221389 1
38351.719212 2
38400.923127 1
38419.562638 2
38425.563841 2
38434.189914 3
38534.097322 3
38536.603540 4
38593.463830 3
38596.228679 4
38658.819934 3
38681.263841 3
38689.309315 2
38698.664954 3
38767.702018 3
38783.909387 4
38823.460485 4
38829.985208 5
38841.215091 5
38843.332416 5
38934.435186 5
38940.516272 5
38980.768107 5
39003.649669 6
39149.457547 6
39151.773323 6
39166.675100 5
39166.827522 6
39181.352661 5
39190.105417 5
39259.719657 4
39264.230906 4
39271.686210 5
39281.662286 5
39290.915872 5
39302.237200 6
39364.549128 5
39366.217847 5
39374.573694 5
39404.123309 5
39422.675937 5
39429.579441 5
39630.518806 4
39633.356537 4
39647.165146 3
39648.376768 4
39676.001381 4
39679.277215 5
39685.593520 6
39688.113453 5
39744.772127 5
39760.166025 6
39813.511506 5
39827.658781 5
39901.110400 5
39901.627920 5
39956.974108 5
39961.942933 6
39981.317545 5
39987.448289 6
40125.869973 6
40129.973715 6
40133.293361 6
40133.777101 5
40408.409622 4
40416.709002 4
40439.192833 3
40439.480814 4
40528.303381 3
40556.725845 3
40579.389490 2
40584.280526 3
40628.119309 2
40628.707009 2
40692.039947 2
40702.512251 3
40781.175233 3
40783.823293 4
40796.621971 3
40803.977076 3
40814.511985 2
40819.406971 2
40856.156663 1
40856.239220 2
40870.423812 1
40874.654626 2
40894.321449 3
40909.483822 4
40925.392404 4
40929.764545 4
41025.826645 3
41052.156705 4
41094.966080 4
41119.108407 4
41234.413313 4
41239.590744 5
41282.884571 5
41287.308810 6
41296.553315 7
41306.243323 6
41325.948153 5
41328.793812 5
41331.109266 5
41333.379906 4
41351.257973 4
41370.576494 5
41382.264463 5
41388.648920 6
41398.960401 5
41404.318867 5
41411.948516 6
41417.479388 6
41514.366593 5
41518.925446 5
41576.717749 5
41597.458574 5
41705.187374 5
41722.258009 6
41726.171237 6
41729.704128 7
41763.336070 6
41763.591330 6
41774.592870 5
41787.591055 5
41804.703351 5
41815.253151 4
41847.328847 3
41863.042456 4
41892.301944 4
41895.204533 4
42281.745729 3
42297.221698 4
42315.231229 4
42338.700375 5
42376.675609 5
42386.036355 5
42522.834221 5
42545.291985 5
42614.697203 4
42622.311063 4
42658.980135 4
42663.466166 4
42672.986817 3
42709.063440 4
42730.624379 4
42741.125900 5
42781.534998 4
42783.529088 4
42802.835435 4
42821.081222 5
42835.939025 4
42841.852930 4
42888.195724 4
42898.384710 4
42917.880067 3
42939.042866 4
43102.559272 3
43121.918497 4
43143.305801 4
43149.428650 5
43172.919476 4
43178.396945 5
43191.289652 4
43195.656891 5
43241.983456 5
43251.339801 6
43282.235342 5
43291.079301 6
43407.464396 6
43422.140633 7
43436.751866 6
43437.728582 7
43516.776174 6
43517.493588 6
43583.187501 6
43599.896727 6
43617.976629 6
43628.351539 7
43656.598160 7
43657.943943 7
43665.738789 7
43675.199586 8
43697.278259 8
43715.153878 9
43739.967375 9
43756.370512 10
43761.560834 10
43763.530382 10
43770.830367 10
43771.893360 9
43785.444829 8
43789.611409 9
43849.519011 9
43873.122201 10
43897.907604 9
43906.895514 9
43952.991633 8
43963.318133 9
43978.113299 9
44019.565803 9
44047.616866 9
44060.662358 9
44182.188955 8
44185.500236 9
44189.817420 9
44191.034003 9
44301.287479 9
44312.372338 9
44367.392767 8
44374.409388 9
44382.792667 9
44400.413096 10
44492.565714 9
44494.087545 10
44523.751633 9
44544.744059 9
44595.197518 8
44599.646822 9
44733.870455 9
44739.425752 10
44740.845396 10
44772.202911 10
44838.380473 9
44839.098697 10
45055.510510 9
45058.992693 9
45080.735730 9
45094.763753 10
45126.483048 9
45145.325668 10
45388.701309 9
45389.972797 9
45397.769016 9
45399.257799 10
45461.028590 10
45463.211563 11
45510.305016 10
45522.620870 11
45573.088470 10
45593.591847 11
45621.775096 11
45636.015025 11
45723.663610 10
45730.139786 10
45766.362194 10
45768.033040 11
45785.580363 11
45788.231251 12
45796.422922 12
45798.357233 12
45833.097794 12
45833.984052 13
45851.582756 14
45853.775008 13
45885.318918 12
45895.513972 12
45903.815324 11
45907.902178 12
45940.520702 12
45943.633499 12
45993.047299 11
45994.839221 12
46009.855728 11
46025.388083 12
46067.492518 12
46070.776857 13
46101.926967 13
46118.992499 13
46162.868528 13
46165.354400 14
46175.015069 13
46175.695875 14
46178.491225 14
46181.390414 14
46246.749711 13
46248.413965 13
46251.430855 13
46253.588532 13
46253.640993 13
46255.854316 12
46328.280821 11
46336.298553 11
46419.665732 11
46420.042968 11
46602.592400 10
46602.938868 10
46609.576725 10
46613.666102 10
46613.791233 10
46624.443894 10
46628.074897 9
46632.756353 10
46639.145701 10
46642.851062 10
46805.691336 10
46806.583281 10
46830.845147 11
46849.081155 10
46861.634216 10
46864.773131 10
46866.898020 10
46877.184751 11
46892.971005 10
46893.876573 10
46925.412316 9
46928.402426 9
46957.478241 8
46965.662153 8
47294.078789 8
47301.788168 9
47422.085782 8
47438.123787 9
47521.843949 8
47522.070535 8
47628.940855 7
47637.486637 7
47638.616400 6
47646.127930 6
47679.831362 6
47682.462866 6
47788.509720 6
47789.965026 7
47793.258561 7
47803.116828 7
47857.845584 6
47859.401739 6
47868.463678 5
47905.063597 5
47940.928714 5
47949.619540 5
48015.298101 4
48017.498700 5
48116.618280 4
48119.541537 5
48188.686937 5
48193.997329 5
48213.624607 5
48221.359426 6
48222.478191 6
48223.339670 6
48295.685995 6
48296.668229 6
48379.989810 5
48392.315238 6
48413.538925 5
48420.579100 6
48505.673085 6
48514.987952 6
48529.000736 6
48533.895915 7
48542.521037 7
48547.596063 6
48590.317107 6
48597.727869 6
48608.441705 5
48617.182768 5
48644.167687 5
48652.609706 5
48692.681520 4
48695.191583 4
48703.359859 3
48710.286112 4
48776.259673 4
48778.515585 4
48782.551170 4
48788.532297 3
48872.949061 2
48880.413225 3
48982.010724 3
48990.506372 4
49013.041621 4
49013.872946 5
49070.563075 5
49081.445466 6
49234.301587 5
49234.423381 6
49240.967405 5
49252.678380 5
49264.880659 5
49265.270738 6
49320.011103 5
49333.107271 5
49376.102570 4
49380.406719 5
49386.017432 4
49396.536297 5
49555.189887 5
49567.737151 5
49572.766426 5
49577.330414 5
49581.458304 5
49605.665549 4
49636.417271 4
49655.348493 5
49668.626749 4
49673.989778 5
49714.756786 5
49715.815754 5
49729.620155 6
49752.625892 6
49793.250476 5
49815.925684 6
49888.633607 6
49904.921990 7
50111.250205 6
50115.068364 6
50170.293607 5
50174.699136 6
50216.611810 6
50229.996601 7
50230.093325 7
50233.069748 7
50355.378509 6
50358.001486 7
50364.852501 7
50379.450974 6
50403.434087 5
50422.358301 5
50490.935986 5
50496.172382 5
50575.493505 4
50582.470954 4
50601.521797 4
50608.278823 4
50609.596854 4
50613.735093 5
50619.926361 5
50622.153057 6
50649.400883 5
50650.572660 5
50661.120472 4
50674.620417 4
50812.407141 3
50816.539946 4
50833.499265 3
50833.817868 4
50846.155401 3
50848.303185 4
50853.465063 3
50858.742445 3
50874.648738 3
50880.232576 3
51077.930103 3
51078.138973 3
51137.109633 2
51137.297596 3
51305.428427 2
51318.138290 3
51523.760364 3
51527.889823 3
51788.201815 3
51794.481605 3
51843.465753 3
51856.133061 3
51905.761697 3
51919.804429 4
51995.659022 4
51995.699063 4
52049.367397 4
52051.415654 4
52230.223456 4
52244.356511 5
52264.307820 4
52265.004836 5
52294.672551 5
52300.344848 5
52348.246105 5
52355.076988 6
52375.249870 6
52378.591240 7
52450.790589 7
52466.350149 8
52486.124533 8
52517.638572 8
52533.649630 7
52536.240417 8
52653.116794 7
52669.313895 8
52675.523412 8
52691.092178 8
52708.797951 8
52709.444421 8
52719.359319 8
52731.140959 8
52794.862955 8
52801.932919 9
52804.854651 8
52805.661054 9
52811.056558 9
52823.841319 10
52830.834144 9
52841.694187 10
52882.905735 10
52885.704029 10
52920.909039 10
52929.195554 10
52945.707512 9
52968.734783 10
52991.901882 10
53001.570517 10
53009.749588 11
53019.795337 11
53043.650775 11
53068.396553 12
53084.235715 11
53092.846721 11
53118.902094 10
53120.138042 11
53148.082797 10
53165.398032 11
53361.048994 11
53361.875769 11
53424.308365 10
53427.552518 11
53506.076027 11
53507.030501 11
53514.390755 10
53515.324281 11
53515.591394 11
53526.043966 10
53563.053746 9
53573.438490 10
53603.018944 9
53608.411535 10
53667.736295 10
53689.105170 10
53715.762826 10
53724.478370 10
53789.377499 10
53792.754734 10
53807.346581 9
53812.004549 9
53840.150990 9
53851.663080 8
53856.216221 7
53862.550412 7
53901.071622 6
53914.283433 6
53952.283547 5
53955.804264 6
54097.442383 5
54112.779854 5
54119.560403 5
54120.522727 6
54213.778080 5
54215.335237 6
54235.648291 6
54238.198961 6
54290.649920 6
54295.529880 7
54301.294067 7
54315.267662 7
54380.677055 7
54384.646301 8
54432.539737 8
54444.130197 9
54456.990426 8
54471.634358 9
54547.156497 9
54547.451982 10
54547.945071 10
54556.449632 9
54611.993005 9
54614.118674 10
54627.717928 10
54647.532586 10
54699.999272 10
54701.036489 11
54741.733594 11
54742.911993 12
54751.847410 12
54759.872876 11
54773.302195 10
54798.975201 10
54806.777839 9
54831.475693 10
54855.470876 9
54872.525008 10
54893.477661 10
54897.006907 11
54903.100208 11
54905.143319 11
54917.025805 10
54921.289298 11
55018.692105 11
55040.455065 11
55041.313457 11
55044.675158 10
55058.433294 10
55066.369710 11
55076.570067 10
55083.542086 11
55143.297974 11
55147.635093 12
55176.959884 12
55186.571191 12
55194.408287 13
55199.494723 13
55263.313899 13
55283.693192 14
55307.574526 14
55317.184010 14
55350.467816 14
55353.184025 15
55376.041026 15
55381.354671 16
55437.142590 15
55441.544732 16
55563.191674 15
55580.149783 16
55631.806832 16
55642.017508 16
55657.443711 16
55657.572251 16
55661.932761 16
55665.901776 16
55679.151109 16
55687.006209 15
55694.855012 15
55699.228595 15
55703.078009 14
55720.081107 14
55722.531927 14
55729.769907 13
55735.873526 13
55738.638069 13
55828.723988 12
55835.141036 12
55861.328790 11
55864.840907 11
55912.712625 10
55922.273405 11
55991.155620 10
55997.841085 10
56101.580151 9
56103.546490 10
56107.602113 11
56115.232698 10
56210.296390 10
56212.316447 11
56213.157333 11
56223.697158 11
56264.389342 11
56279.244078 11
56409.713900 11
56412.755800 12
56439.680388 11
56443.728044 12
56453.618479 12
56457.640445 13
56483.455208 13
56503.124330 13
56711.146983 13
56733.215758 14
56758.896325 14
56762.837742 14
56763.435684 13
56764.924069 14
56878.462616 13
56896.771827 14
56913.055508 13
56936.746894 13
56944.965546 13
56955.398141 13
56964.265038 13
56966.723512 13
56982.077080 12
56995.518475 13
57033.349629 12
57046.425548 12
57052.837489 13
57059.307738 13
57065.381441 13
57072.909008 13
57121.245769 13
57122.989128 13
57155.417882 12
57171.316912 12
57192.010861 12
57197.029637 12
57238.782367 11
57250.679282 11
57273.829472 11
57305.389794 12
57313.568011 11
57317.829081 12
57341.405260 11
57342.373052 11
57356.690934 11
57370.920564 12
57387.088545 11
57387.193483 11
57475.780595 10
57487.630061 10
57488.944470 10
57492.307759 9
57584.272280 8
57587.167163 9
57607.568721 9
57609.139142 9
57626.513043 9
57632.544426 9
57633.949141 10
57640.410658 10
57652.529842 9
57668.891124 9
57752.162849 9
57760.233032 10
57803.729094 9
57813.790769 10
57818.934338 10
57825.665282 10
57902.760586 10
57906.268197 10
57909.822951 9
57913.173002 10
58165.118740 9
58174.821843 9
58177.899953 9
58199.703298 9
58223.171871 9
58225.971712 10
58240.532115 9
58243.884787 10
58276.473827 9
58286.562404 9
58384.815335 8
58389.482815 9
58403.766954 9
58406.293816 9
58440.487315 9
58453.124484 10
58459.453936 11
58464.071536 11
58494.395660 10
58495.820216 10
58502.862806 10
58504.198606 11
58541.636534 11
58573.169319 12
58579.820309 11
58589.722491 11
58596.711597 11
58607.901814 11
58761.595783 11
58780.727660 12
58847.214722 12
58848.286814 13
58944.436783 13
58946.421319 14
59001.937255 13
59005.226900 13
59148.775907 12
59152.819053 13
59168.831983 13
59175.656018 12
59192.555803 11
59197.537735 11
59236.632774 11
59241.580178 11
59252.992017 12
59264.965344 11
59407.960288 10
59410.690638 10
59535.105508 10
59536.556901 11
59538.063713 11
59541.220798 11
59543.266483 11
59568.515433 12
59613.121152 11
59615.997949 12
59616.059278 11
59620.703838 12
59648.412098 11
59652.912464 11
59702.844145 10
59713.199807 11
59734.247427 10
59746.018705 10
59800.607718 9
59804.768685 9
59864.877216 8
59878.256689 8
59922.637628 8
59933.640036 8
60137.034839 8
60144.700321 8
60342.642811 7
60354.380837 7
60379.955792 6
60385.088994 6
60420.274801 5
60436.566740 6
60438.792813 5
60442.407576 5
60478.980650 5
60479.651084 5
60485.152053 5
60496.239532 5
60543.383687 5
60549.509933 6
60694.044608 5
60710.456668 5
60715.218417 5
60723.311428 5
60788.422913 5
60790.328506 6
60888.108165 6
60888.598172 7
60894.987520 8
60896.592820 8
60978.864484 8
60982.928219 9
61020.494228 8
61022.640325 9
61070.580352 9
61085.187715 9
61155.642370 8
61177.819416 8
61194.730945 8
61227.673780 8
61322.147366 7
61322.910666 8
61366.697657 8
61378.655154 8
61397.173792 7
61397.876004 8
61477.130793 8
61479.978638 9
61505.895272 9
61507.890234 10
61523.143924 10
61530.066627 9
61532.379199 9
61534.280929 9
61542.250650 8
61556.572389 8
61569.524760 9
61586.789192 9
61608.285987 8
61609.504666 9
61618.078670 8
61624.331118 8
61624.713869 9
61633.731861 8
61634.028136 8
61634.301474 8
61642.300897 9
61669.619793 9
61672.557147 9
61679.571188 8
61687.305581 7
61719.110358 7
61729.309847 7
61756.378790 7
61779.176998 7
61783.494535 8
61800.066516 7
61800.694141 7
61802.287997 6
61803.852004 7
61861.731712 7
61863.692602 7
61928.351360 7
61928.648395 7
61966.530392 6
61968.512364 6
61975.590430 5
61980.410597 5
61996.276976 5
62008.944487 5
62083.232865 4
62087.535389 4
62144.743916 3
62145.155067 4
62159.827597 4
62169.264798 5
62212.171856 5
62217.967391 5
62218.041255 4
62219.740325 5
62230.395440 5
62234.563818 6
62290.103370 6
62292.207015 7
62299.943074 6
62316.906247 7
62398.660835 6
62413.912363 7
62419.431550 7
62422.865455 6
62428.326713 6
62429.383651 7
62431.323711 6
62452.237407 6
62452.366381 6
62470.306239 6
62489.526843 5
62493.479667 5
62515.049800 6
62523.301665 6
62783.131292 5
62794.849881 5
62813.139165 5
62814.118373 5
62832.146881 5
62838.955049 5
62860.784216 5
62876.262951 6
62884.103521 5
62889.407876 6
62942.988994 5
62945.619349 5
63024.140763 4
63027.014340 4
63127.102193 3
63139.136679 4
63148.908213 3
63149.418703 3
63178.639358 2
63186.249985 2
63276.387067 2
63281.698564 2
63471.743590 1
63473.682266 2
63477.958225 2
63481.378830 2
63484.978428 2
63490.735935 3
63496.559171 3
63498.392918 2
63546.188800 2
63556.566936 2
63739.926227 2
63746.237211 2
63880.559242 2
63881.234685 2
63889.693925 2
63891.676265 3
63901.370771 3
63913.077792 2
64018.798246 1
64029.910793 2
64065.855153 1
64066.384670 2
64343.029160 1
64344.813744 2
64406.529390 2
64407.753376 2
64472.488442 1
64473.943963 1
64500.064448 0
64513.283006 1
64558.490007 1
64565.173684 2
64581.971532 1
64587.440042 1
64698.837438 0
64701.006115 1
64921.718268 0
64927.781355 1
64933.557223 1
64936.141422 2
64947.198120 1
64947.891345 2
64956.022753 2
64974.853259 3
64977.025633 2
64988.879266 3
65005.088633 2
65035.668016 2
65222.940422 1
65236.201093 2
65353.438943 1
65372.175679 2
65403.546170 1
65419.877577 2
65494.344981 1
65500.650627 1
65535.114909 2
65546.449835 1
65574.557321 0
65581.939446 1
65655.312380 0
65668.271582 1
65672.817546 1
65682.873869 2
65691.296546 1
65695.136776 2
65784.197520 1
65786.268888 2
65866.013828 1
65891.623464 1
65974.272399 1
65978.169625 2
65986.888357 2
65998.445615 1
66154.217419 1
66156.809945 2
66258.399607 1
66259.933643 2
66363.017716 2
66381.338974 3
66384.700785 4
66391.830798 4
66404.056033 4
66414.771405 3
66462.907286 3
66466.740201 3
66481.292457 3
66520.975973 4
66543.706355 4
66549.607039 4
66575.171313 4
66592.067378 5
66601.679165 4
66609.768790 5
66616.053969 5
66620.192653 6
66626.210524 6
66636.583235 6
66643.281905 6
66649.089203 6
66692.823242 5
66693.362834 5
66913.515718 4
66919.230917 4
66922.625788 4
66923.782311 4
66975.976309 4
66999.413210 4
67154.584328 4
67165.040913 5
67210.320279 5
67213.653551 6
67346.726970 5
67349.720401 6
67378.998182 5
67382.342035 6
67517.212499 5
67519.596933 6
67550.190250 5
67552.590567 5
67582.696141 5
67587.584392 5
67588.078941 4
67590.214225 4
67661.508732 3
67663.915901 3
67727.037789 3
67736.481689 4
67757.659422 5
67779.390253 4
67895.048753 3
67898.504221 3
67940.770944 3
67941.395258 4
68122.129207 3
68125.881586 3
68133.222424 2
68142.692119 2
68168.573993 1
68173.611646 2
68226.757962 1
68230.833838 1
68344.012740 0
68374.904381 1
68377.351958 1
68381.099537 1
68684.910805 0
68695.453876 1
68722.502414 1
68748.807649 2
68753.030965 3
68760.203627 2
68859.464859 2
68871.543858 2
69038.535838 2
69042.777130 3
69048.471976 3
69052.602770 4
69196.003381 3
69202.015845 3
69271.700576 3
69283.549620 3
69288.794769 4
69295.453205 3
69313.703250 2
69315.984978 3
69344.586811 2
69344.698843 2
69378.197995 2
69388.847448 3
69492.261611 2
69500.556695 3
69624.171497 3
69642.978646 4
69666.671802 4
69673.237956 4
69766.096421 4
69766.367786 4
69818.457451 4
69822.979724 4
69850.372548 4
69852.009071 4
69963.308222 3
69968.780349 4
69989.217100 4
69996.634026 4
70002.355648 3
70013.376078 3
70035.882170 2
70039.932443 3
70311.741886 2
70317.989056 2
70327.606073 1
70329.622653 2
70352.399942 2
70358.106150 3
70412.221732 2
70415.039498 3
70441.759488 3
70470.352609 3
70473.173244 3
70474.494178 4
70487.902062 4
70498.374371 5
70498.793398 5
70505.174040 6
70506.429218 6
70521.544233 6
70528.372150 6
70528.997874 6
70591.533205 5
70594.580331 5
70620.555871 4
70622.595002 4
70624.445064 5
70629.910528 5
70634.828862 4
70640.321166 5
70663.533358 5
70676.067313 5
70971.087049 5
70987.051468 5
71048.309564 4
71056.044125 5
71305.474047 4
71305.834994 5
71352.580660 5
71355.414896 5
71393.030752 4
71393.224257 5
71429.699949 4
71438.174268 5
71465.070027 5
71467.949262 5
71514.067311 5
71516.669915 5
71526.804515 5
71537.963258 4
71544.439588 5
71553.925180 6
71554.311333 5
71567.259857 4
71582.574128 3
71591.284098 4
71628.862551 3
71636.496556 3
71696.984499 3
71700.959229 3
71730.514038 2
71737.240143 3
71797.462947 2
71800.750537 2
71824.137776 3
71858.538855 3
71973.761478 2
72024.324029 3
72027.133653 3
72043.687064 3
72048.111670 2
72062.477393 1
72108.398109 1
72127.407022 2
72153.172720 2
72157.659696 3
72162.122463 4
72164.260040 4
72208.657964 3
72211.633398 4
72212.622705 4
72220.535561 4
72274.029601 3
72279.825856 3
72291.692747 3
72301.440364 4
72309.745711 5
72315.917219 4
72346.543118 3
72373.204311 4
72440.860983 3
72449.180368 4
72458.055950 4
72468.474640 5
72476.104436 5
72483.023377 5
72502.343958 5
72517.636090 5
72555.932196 5
72559.808036 6
72582.482850 6
72587.591083 5
72654.998846 5
72655.239978 6
72695.643622 6
72699.743298 6
72842.730711 5
72843.321643 6
72967.925689 5
72976.947983 6
73022.279599 5
73022.500288 6
73035.731393 6
73036.860207 5
73038.561631 5
73040.925024 6
73083.606653 5
73089.353702 5
73101.826647 4
73120.353641 5
73126.578195 6
73136.981659 5
73176.734320 4
73180.472768 5
73232.893305 5
73241.025389 5
73244.212843 5
73246.706216 5
73252.850127 5
73264.490624 5
73325.677594 4
73357.298059 5
73416.139403 5
73422.416192 6
73431.997935 5
73447.566523 5
73472.521269 4
73476.030692 5
73489.450803 5
73490.839345 6
73506.343818 5
73508.468703 6
73541.589725 5
73549.520631 6
73573.424089 5
73576.268089 5
73592.584233 6
73594.355635 6
73612.653066 5
73616.130633 5
73698.940449 5
73706.295441 5
73736.840711 5
73753.532346 6
73821.525327 6
73825.524116 7
73879.995705 6
73880.118569 7
73890.128371 7
73934.579481 7
73938.589504 6
73945.036561 6
73959.896946 5
73963.494915 5
73995.345813 4
74007.760292 4
74082.583519 3
74083.305442 4
74126.394216 4
74131.709496 5
74150.599379 4
74151.189715 5
74271.157109 4
74274.386562 4
74288.190191 4
74309.828002 5
74369.027769 4
74378.459637 4
74432.805083 3
74436.583259 4
74460.948332 3
74465.748287 3
74497.911078 2
74501.576140 3
74661.922440 2
74663.459675 3
74689.233338 3
74690.093233 4
74741.115144 4
74745.876004 5
74757.817469 6
74760.051836 5
74803.884201 4
74805.769987 4
74816.238231 3
74816.649709 4
75155.460383 3
75159.938707 3
75182.016337 2
75190.719366 2
75237.547042 1
75242.966803 1
75305.751954 1
75312.559153 2
75312.565486 2
75348.051504 3
75379.408208 2
75390.401925 3
75392.795326 3
75399.789552 2
75538.019759 2
75542.986027 2
75620.195066 2
75623.408369 2
75681.532483 2
75707.111423 2
75712.875296 2
75736.488563 3
75741.054283 3
75742.161421 3
75788.451103 2
75801.638243 2
75814.473734 1
75821.811206 1
75830.335940 1
75832.236039 2
76039.952546 1
76047.071474 2
76157.860973 2
76159.635471 3
76167.657510 2
76169.536313 2
76237.952849 1
76246.861845 2
76270.781353 1
76271.950820 2
76311.011247 1
76311.148291 2
76319.379009 1
76329.999270 2
76452.219535 1
76458.569738 2
76478.546927 2
76481.462164 3
76494.560321 3
76501.385493 4
76504.161049 4
76516.701752 5
76529.906240 5
76541.568132 5
76549.909287 5
76559.524274 6
76574.201326 6
76590.835145 6
76631.750161 6
76636.262872 6
76672.222364 5
76679.918517 6
76694.144896 6
76705.015163 5
76716.596019 6
76718.954167 5
76760.370188 4
76761.624415 5
76821.982036 4
76825.201132 5
76926.252064 4
76952.917085 4
76972.794242 4
76973.193846 4
76973.735274 5
76986.729592 4
76998.354458 4
77004.340716 4
77004.772025 5
77013.295587 5
77253.762573 5
77254.407331 6
77258.135967 7
77258.261420 7
77261.728462 6
77267.463036 6
77277.828850 6
77285.246105 7
77305.407299 6
77305.438224 7
77310.487068 7
77330.401858 8
77400.975717 7
77420.836082 8
77432.290570 8
77433.439900 9
77489.383897 8
77501.546263 8
77514.257048 7
77519.449149 8
77526.589278 9
77527.741797 9
77574.510061 9
77577.387890 9
77650.740059 8
77651.619657 9
77664.381890 10
77665.711159 11
77677.797224 10
77678.005041 10
77710.095924 10
77728.723998 10
77820.519042 10
77826.663581 10
77857.341960 10
77862.077268 10
78008.579893 9
78009.662654 10
78043.697688 9
78044.889809 10
78110.653369 10
78116.617434 11
78164.244344 10
78169.227718 10
78217.368478 9
78224.630727 10
78233.868471 11
78264.114103 11
78272.684050 10
78303.258772 10
78311.214108 10
78321.337673 10
78324.618802 9
78325.140906 9
78380.484066 9
78383.179999 9
78409.952225 9
78449.810123 9
78449.931307 9
78468.726221 9
78469.949751 9
78472.338736 8
78500.847746 7
78504.722049 7
78555.175610 7
78555.831807 7
78627.127008 6
78627.133728 7
78779.237958 7
78792.970601 8
78837.996503 8
78847.030477 9
78860.394203 9
78866.605506 10
78867.759221 11
78879.571277 10
78986.140378 9
78987.616316 9
79013.564698 9
79029.947172 10
79108.494234 9
79116.819967 10
79122.576100 10
79127.589855 10
79332.287402 10
79338.057820 10
79339.778917 10
79347.908270 9
79424.844590 9
79428.035072 10
79498.299954 10
79506.891641 10
79517.410486 10
79549.148933 11
79569.027820 11
79584.955037 12
79643.903520 11
79651.235476 11
79713.763735 10
79718.137696 10
79720.198282 11
79723.532813 10
79743.589993 9
79755.809821 10
79881.004788 10
79904.057295 10
79924.212229 10
79927.102497 10
79946.461079 9
79946.475594 10
79996.243592 9
80006.162826 9
80075.485159 8
80086.074587 9
80146.490693 8
80156.203214 9
80163.454339 10
80170.064821 10
80232.422621 10
80241.791388 11
80362.038400 10
80378.075027 11
80419.044215 11
80422.882681 12
80581.105294 12
80609.372748 13
80624.714404 13
80635.178740 12
80709.242212 12
80711.101111 13
80716.956357 13
80721.922369 14
80732.777699 14
80738.495039 15
80841.149332 15
80847.447224 16
80851.102745 15
80864.868844 15
80888.371076 14
80893.326627 15
80966.123909 15
81004.334180 15
81008.309331 15
81012.029595 16
81023.110554 17
81029.323737 16
81057.821650 15
81064.223260 15
81082.959749 15
81103.599178 15
81196.440174 14
81203.203536 15
81241.687380 15
81248.300174 15
81283.358862 15
81292.247598 15
81376.281256 15
81386.305322 15
81448.997894 15
81454.046760 15
81498.270679 14
81508.666746 15
81533.627617 14
81536.690386 15
81550.373004 15
81556.293821 15
81556.787848 14
81556.907369 15
81617.844803 15
81648.908825 16
81650.561181 15
81651.090089 16
81733.871712 16
81736.412189 17
81760.687067 16
81765.028669 16
81767.221236 16
81793.200893 17
81800.856899 17
81803.373294 17
81851.360338 17
81862.185174 18
81940.248595 18
81949.751753 18
81971.835672 17
81980.595922 18
82052.110952 18
82072.166234 19
82079.237041 19
82081.636647 18
82093.404363 18
82099.277763 18
82114.346156 18
82118.359044 19
82139.753241 18
82146.060362 19
82152.956901 20
82163.736862 20
82174.474378 20
82175.819832 20
82178.007987 20
82179.314510 20
82192.800163 20
82198.009415 20
82213.430414 20
82225.656817 21
82267.336710 20
82268.511192 21
82364.400944 20
82390.232024 21
82406.377342 21
82407.793617 20
82463.939110 20
82468.804347 21
82470.729756 22
82473.462054 22
82475.948278 21
82488.614620 21
82498.688473 22
82499.000657 21
82538.620300 20
82540.352501 21
82555.283163 21
82576.985033 22
82584.132521 22
82596.060295 22
82596.579130 22
82599.269916 21
82694.051491 21
82696.637423 22
82765.375988 21
82777.226450 21
82829.246382 21
82835.351157 22
82852.013077 22
82862.320352 22
82918.095450 22
82919.059057 22
82922.897773 21
82923.267862 21
82931.416883 21
82933.688151 22
82954.951238 22
82956.285589 22
82980.503040 22
82980.673222 23
82987.651083 22
82989.515657 23
83159.302906 23
83161.373772 23
83171.986770 24
83175.413827 23
83196.489681 23
83202.697257 24
83351.504857 23
83362.088574 24
83363.874355 23
83371.046613 23
83413.465060 23
83418.519840 23
83419.088961 22
83421.523213 22
83513.500346 21
83516.345267 21
83516.383075 22
83520.222215 22
83568.444793 22
83574.057574 23
83580.984471 22
83581.957069 22
83625.112169 22
83632.432878 22
83692.369629 22
83705.006892 23
83739.084035 22
83746.319737 22
83801.616147 21
83804.406290 22
83842.278772 22
83844.828243 22
83854.662573 21
83857.850730 21
83858.133189 20
83871.131798 20
83921.704565 20
83924.202050 20
83942.723669 20
83945.045934 20
84025.693737 20
84033.547791 21
84040.199793 20
84042.229073 20
84077.777477 20
84097.590053 20
84190.694737 19
84210.990924 19
84261.162889 18
84273.870514 19
84285.554392 19
84286.301078 19
84306.647029 20
84309.304537 20
84333.337344 20
84337.029725 21
84387.654666 21
84390.936172 21
84393.126885 21
84397.572182 21
84408.429165 22
84428.680887 21
84474.079344 21
84475.761599 21
84476.972115 20
84493.420575 20
84550.797201 20
84561.668642 20
84587.678878 19
84589.413519 19
84668.372536 18
84672.381822 18
84679.014520 18
84680.957051 19
84685.376386 19
84689.807634 18
84739.806679 18
84759.044066 19
84791.929971 18
84800.939539 18
84848.316887 18
84858.624573 18
84890.325859 17
84894.828786 17
84905.486861 16
84915.638722 16
84918.169700 17
84925.611137 17
84933.802329 17
84936.340777 16
85113.250206 16
85117.755896 17
85119.666300 17
85121.718051 17
85127.966260 18
85134.540266 17
85174.389300 16
85176.135379 17
85203.450227 16
85220.073549 16
85409.104756 15
85420.372917 15
85437.161239 14
85455.416157 14
85513.696610 14
85522.900437 14
85557.168828 13
85558.170125 14
85603.545899 13
85616.892431 13
85617.463878 12
85617.514959 13
85624.529789 12
85632.240092 13
85646.720874 13
85647.230258 13
85720.541403 12
85721.756960 13
85863.580022 12
85868.851554 13
85869.873294 13
85895.670566 14
85905.571949 14
85920.113288 15
85920.358964 14
85926.494549 15
85941.462041 15
85944.529956 16
85976.477386 15
85980.162928 16
86014.582554 15
86015.026664 16
86034.628869 16
86042.861222 16
86069.777661 16
86074.545166 17
86107.044820 16
86109.604323 16
86128.448878 16
86130.811093 17
86183.773202 16
86184.221644 17
86221.918042 17
86226.247232 17
86358.804623 16
86361.503073 16
86422.902832 16
86427.896667 16
86429.876264 16
86432.751981 17
86433.719553 17
86438.673996 17
86566.441183 17
86571.649446 17
86630.101142 17
86632.941287 18
86665.242321 18
86687.744285 18
86705.411288 18
86706.649712 19
86715.263580 20
86725.391126 20
86935.195089 20
86942.568109 21
87001.426369 20
87004.676427 21
87030.084190 21
87034.731889 22
87047.507303 22
87079.078134 22
87111.535362 21
87112.918100 21
87121.446285 21
87125.660471 20
87190.461504 20
87193.208074 20
87198.176105 21
87208.673252 21
87214.941472 21
87216.765888 21
87336.683644 21
87351.339655 22
87393.038369 22
87393.601458 22
87578.316601 22
87583.264798 22
87589.626176 22
87597.361602 21
87600.064389 20
87608.710852 21
87617.246114 21
87620.969618 21
87738.418992 20
87743.971681 20
87758.031136 20
87776.297897 20
87918.141513 19
87921.194049 19
87983.580040 18
87999.240607 19
88055.224683 18
88070.301078 19
88080.583192 20
88092.147917 19
88206.557310 19
88223.680162 19
88230.456680 19
88230.483277 20
88241.576848 20
88252.151623 21
88261.288910 21
88262.399036 21
88315.881008 21
88327.168748 22
88398.308225 21
88409.482486 22
88430.832426 21
88438.398849 21
88481.121020 20
88489.774654 20
88495.927727 19
88496.076989 20
88520.988174 19
88525.728938 19
88591.578946 19
88597.919716 20
88599.969655 19
88608.307007 20
88611.837291 21
88614.574625 21
88620.967659 21
88628.559814 20
88689.641239 19
88697.340488 19
88819.734229 19
88838.446555 19
88839.100588 19
88840.299216 20
88852.929746 20
88853.777972 20
88872.079650 20
88890.897756 21
88927.943807 21
88931.784688 22
88953.627033 22
88956.580771 23
88957.146263 24
88959.395341 23
88967.313397 22
89014.054000 23
89014.514432 24
89019.860332 25
89022.695733 24
89023.144179 23
89059.945739 23
89069.906897 23
89086.475532 23
89095.852748 23
89108.278298 22
89120.403096 22
89161.757958 22
89168.534133 23
89179.069763 23
89200.609605 24
89202.595677 24
89204.528312 25
89207.111760 24
89209.559577 25
89223.483593 25
89224.247668 25
89254.619028 25
89264.716051 25
89273.869220 24
89286.221092 24
89322.474258 23
89325.427882 23
89325.929932 23
89336.062995 23
89351.702359 24
89355.789574 23
89369.128796 23
89390.080993 23
89490.445083 22
89494.154756 22
89503.059158 22
89512.262896 22
89531.822583 21
89535.160687 21
89565.124993 20
89570.898538 21
89608.423822 21
89625.788732 21
89637.369373 20
89640.090323 21
89661.142288 20
89680.158728 20
89680.187807 20
89697.584885 20
89698.199801 20
89705.161362 20
89741.013404 20
89763.130897 21
89769.052652 22
89784.485905 22
89802.492283 22
89811.193960 23
89920.119542 22
89927.889483 23
89982.041148 23
89984.644158 24
89987.928038 25
89990.172386 26
89995.442596 26
89997.620568 27
90032.461644 27
90044.072382 27
90069.497893 26
90080.622464 25
90082.408752 24
90082.587366 24
90208.309906 23
90211.027010 23
90289.205700 22
90292.859176 23
90319.276382 23
90323.983507 24
90328.208795 23
90335.263442 23
90365.589923 23
90381.230598 24
90421.968329 24
90424.614016 24
90445.279815 23
90453.665909 24
90535.557283 23
90550.892427 23
90571.455693 23
90571.919556 24
90603.661456 24
90616.324015 24
90629.296649 25
90632.148862 24
90635.984253 24
90636.927506 24
90660.288324 23
90672.421030 24
90695.650081 24
90736.954664 23
90782.556786 22
90794.416105 23
90897.389090 23
90906.193493 23
90919.669624 22
90922.268076 22
90928.966592 22
90929.861845 22
90933.600252 21
90936.174739 21
90977.154328 21
90993.574348 21
91039.657803 21
91052.268684 22
91054.232007 21
91062.623388 22
91117.288747 21
91117.613842 21
91118.141163 20
91123.940548 21
91222.680303 20
91226.116067 21
91234.882362 21
91235.335222 20
91247.425301 21
91248.442669 21
91267.159049 21
91279.560070 20
91376.339007 19
91376.575106 19
91393.868597 19
91395.265016 19
91452.507123 19
91457.924271 20
91462.584162 20
91467.076123 20
91473.521814 19
91479.925450 19
91509.527609 18
91514.018733 18
91553.791537 17
91565.560381 18
91650.957474 18
91651.125125 18
91728.240552 18
91728.744766 18
91824.271813 17
91838.030378 17
91854.154096 17
91860.926590 18
91870.002736 17
91876.316681 17
91930.397187 16
91935.934846 16
91939.285265 16
91947.296441 17
92000.826793 17
92004.982496 17
92191.647897 17
92202.086282 17
92261.160003 17
92263.254627 17
92265.386184 16
92271.824759 17
92294.684228 18
92299.009063 17
92307.968633 16
92312.288956 16
92316.495320 15
92328.779608 16
92381.456656 16
92384.398288 16
92397.486336 16
92404.696649 16
92448.786824 16
92451.391068 16
92564.350632 16
92567.128864 17
92722.762280 16
92726.896080 17
92788.878527 17
92793.367569 18
92888.189084 18
92904.263365 19
92964.232622 18
92969.343490 18
93003.756188 17
93007.600568 18
93057.899680 18
93075.783999 18
93108.776486 18
93111.167363 18
93142.495231 18
93158.896536 18
93194.003193 18
93205.656807 19
93206.908692 19
93207.494146 19
93226.550745 19
93242.465194 19
93278.530140 19
93284.071931 19
93323.901701 18
93331.204524 18
93334.946326 19
93346.554926 19
93346.851342 18
93348.726705 18
93349.981111 17
93355.626267 17
93372.279258 17
93372.603496 16
93439.718230 16
93443.975637 17
93468.580473 17
93477.312670 17
93481.547506 17
93514.387454 17
93548.646142 17
93556.662192 17
93607.005268 16
93614.491000 17
93670.224794 17
93671.196456 17
93687.363798 17
93689.734551 17
93728.826796 17
93740.461799 18
93802.185769 18
93806.525470 19
93808.061002 19
93818.186228 20
93903.197348 19
93905.351900 19
93919.827345 19
93950.155270 19
93993.638554 18
93998.367137 19
94109.937663 18
94123.094916 18
94159.641476 17
94160.514537 18
94189.064286 17
94200.786288 17
94367.374388 16
94367.410302 17
94446.274258 16
94451.230775 17
94551.968300 17
94559.512456 18
94570.120193 18
94571.655943 19
94585.197377 18
94587.750198 18
94656.970396 18
94666.971732 18
94687.134692 18
94692.097319 19
94715.310278 18
94717.399613 19
94720.480179 20
94739.162817 19
94747.486887 18
94763.618526 18
94779.796771 17
94789.129418 17
94806.064621 16
94820.006839 16
94836.593536 16
94838.613912 17
94872.785449 17
94876.375780 18
94894.960140 17
94901.723866 17
94903.026583 18
94909.474426 18
94946.662972 17
94949.162403 18
94951.984337 18
94958.242018 18
94976.529135 17
94983.214917 17
94994.034811 16
95001.659863 16
95017.256536 15
95024.253306 16
95033.180892 16
95033.665857 15
95040.986842 15
95048.318635 15
95081.228642 15
95087.589654 15
95118.938017 15
95136.544714 16
95241.081036 16
95243.084245 17
95263.276961 17
95269.639804 18
95320.333979 18
95323.274608 18
95365.329862 18
95393.895062 18
95398.326811 18
95423.172362 18
95423.913979 17
95428.239551 17
95482.355727 17
95498.448251 17
95499.834740 17
95505.165572 16
95574.847880 16
95578.198425 16
95588.887696 15
95626.688972 16
95675.233247 15
95679.971306 16
95729.242631 15
95758.819532 16
95802.519205 16
95816.051209 17
95817.867132 16
95818.586939 16
95824.508434 17
95827.376643 16
95842.980789 17
95844.348707 16
95877.275285 16
95878.186638 16
95926.100107 15
95935.702971 15
95961.863929 14
95968.114830 14
95971.634643 14
96012.641917 13
96022.605412 13
96045.120371 14
96053.487549 14
96063.512813 13
96109.803051 13
96116.317554 13
96143.003921 14
96151.420624 14
96152.258937 13
96155.283168 12
96205.463697 11
96220.633080 12
96265.262103 12
96271.054059 12
96314.551189 13
96319.865058 12
96320.378048 12
96323.624339 13
96327.464682 13
96330.374958 14
96432.089432 14
96466.004925 14
96469.957193 14
96472.838217 14
96597.562457 13
96600.844672 14
96728.730780 13
96745.633967 13
96751.274326 14
96753.308090 13
96762.969118 14
96772.352416 14
96854.679238 14
96863.183603 15
96908.316451 15
96921.292731 16
96964.681578 15
96964.940324 15
96965.316689 16
96971.661802 15
97034.886320 14
97047.203108 15
97071.981783 15
97074.293218 16
97095.966712 15
97097.022157 16
97114.449060 15
97123.744308 16
97131.463054 16
97134.219979 16
97269.354445 16
97275.891051 16
97280.098532 15
97281.330217 15
97309.575753 15
97311.498143 16
97330.111956 15
97331.886524 15
97469.977687 15
97480.867478 15
97503.948280 14
97508.084404 15
97536.814960 15
97538.549084 15
97602.454070 15
97617.522904 15
97638.295193 15
97639.020312 15
97672.838414 16
97673.871704 16
97851.582179 16
97858.073070 16
97878.306825 15
97901.643257 15
97964.895202 15
97975.375919 16
98000.112289 16
98001.879872 17
98028.460960 16
98041.846472 17
98064.750310 16
98072.533978 16
98084.395250 16
98086.438571 16
98157.417269 15
98169.932209 15
98257.161748 14
98260.774107 15
98327.067629 14
98334.758078 14
98335.015421 15
98346.086840 14
98416.715681 14
98429.523949 14
98443.640121 15
98455.438283 14
98457.195856 13
98465.811061 14
98539.591103 14
98562.256846 15
98567.884296 15
98589.499888 16
98597.699198 17
98598.470687 18
98598.682523 17
98599.218390 16
98629.018546 16
98630.648938 16
98680.313599 16
98682.415544 17
98695.625622 18
98708.886220 17
98753.441594 16
98755.634255 17
98774.274023 17
98777.979740 18
98846.687956 18
98848.326661 18
98943.464508 18
98954.167020 19
98956.103178 18
98963.291920 19
98998.070344 18
99032.486720 18
99052.552980 17
99057.306795 18
99113.142242 18
99116.208223 18
99119.980366 17
99120.477551 17
99120.817451 17
99124.234954 17
99166.778780 16
99183.457899 17
99186.109957 17
99191.483288 17
99215.938044 16
99216.809828 16
99396.064467 15
99404.864274 15
99470.385437 14
99476.728833 14
99538.038686 14
99544.785573 15
99558.702160 16
99564.852218 15
99603.574224 15
99612.973383 16
99655.607539 15
99661.252158 16
99665.621843 17
99671.184915 16
99776.857474 15
99786.193709 16
100000.000000 15
