# t N
913.565748 0
924.994833 1
1356.371365 0
1359.005694 1
1885.732523 1
1919.727925 2
1958.302726 2
1972.377122 2
1990.920195 2
1992.203848 2
2151.350449 2
2159.472720 3
2164.805029 2
2191.575875 2
2317.030025 2
2318.060144 3
2881.292162 2
2883.034061 2
2893.294444 1
2898.866945 1
3235.408503 0
3248.758716 1
3275.665347 2
3277.345791 1
3449.501159 0
3450.483255 1
3672.522331 0
3677.223332 1
3797.613233 1
3815.054030 1
3848.007621 0
3853.531772 1
3874.813947 1
3879.225001 2
4184.285787 2
4189.512155 2
4235.361733 2
4265.027873 2
4650.536219 1
4655.132791 2
4709.171014 2
4725.940699 2
4781.590208 2
4790.415970 3
4828.787849 3
4833.519917 4
4962.012251 3
4969.863622 3
5000.569784 2
5008.291361 2
5028.451505 1
5033.503533 1
5478.336100 0
5523.936074 1
5572.561659 0
5576.166932 1
5948.860511 0
5977.647350 1
6040.103271 0
6057.520981 1
6816.668539 1
6820.481159 1
6897.355769 1
6912.452445 1
8154.008798 0
8156.091313 1
8200.674310 1
8205.420961 1
8367.460372 1
8370.209020 2
8437.505234 1
8440.763956 2
8542.469947 2
8550.642361 2
8700.703761 1
8704.944720 1
8780.263374 1
8790.656642 1
8794.135789 1
8795.407713 1
8870.313740 0
8878.829563 1
9103.231095 0
9128.707725 1
9227.614642 0
9230.247262 1
9282.976558 1
9319.668181 1
9687.426464 0
9702.585088 1
9721.284857 1
9731.446846 2
9891.249566 1
9900.776587 1
10240.111702 0
10241.955480 1
10318.497632 1
10326.267489 1
10443.323933 0
10444.398027 1
10574.640438 1
10577.218653 1
10581.078675 0
10634.919425 1
10708.128759 1
10716.035924 1
11082.813115 1
11082.975934 2
11128.154982 1
11151.053428 2
11317.660444 1
11325.291530 2
11429.595525 1
11434.826544 2
11713.791223 1
11717.596521 1
12188.141282 0
12188.695112 1
12474.836950 1
12479.171867 2
12895.011098 1
12902.965323 2
12933.515888 2
12945.895648 2
13066.809256 2
13083.058965 2
13278.602549 2
13282.754787 2
13315.888608 2
13329.462178 2
13549.802244 1
13552.053464 1
13669.412930 1
13673.381730 1
13739.109863 1
13753.356184 1
14697.072856 0
14704.475533 1
15283.582779 0
15289.271782 1
15382.526551 1
15422.007193 2
15424.639279 2
15437.468055 2
15456.433289 2
15458.096319 2
15530.644443 1
15539.351170 1
15539.391329 1
15542.579347 1
15737.493680 1
15747.315047 2
15789.956976 3
15794.733848 2
15992.214613 2
15993.044415 2
16311.018360 1
16327.363343 2
16350.355510 1
16353.616783 1
16445.943556 0
16447.700585 1
16541.721348 1
16553.402262 1
16620.739990 1
16631.120264 2
16631.136110 2
16701.668654 1
16822.734756 0
16830.164558 1
17246.360784 1
17255.998611 1
17264.561808 1
17276.503827 2
17387.661796 2
17402.831646 3
17483.885410 3
17488.027389 3
17647.684042 3
17677.462437 3
17790.125974 3
17793.331093 3
17797.664877 3
17800.525861 3
17867.404170 3
17872.408728 3
17875.062879 4
17884.108949 3
17993.257343 2
17999.980465 2
18211.476118 2
18222.654832 2
18613.565898 1
18626.507637 2
18638.199282 1
18645.086121 1
19253.203254 0
19259.613718 1
19366.257146 0
19379.095715 1
19380.243846 1
19402.661553 1
19416.563751 1
19425.979296 1
19596.888105 1
19599.618928 1
19639.713584 1
19682.678079 1
19721.012942 0
19723.167660 1
19815.306432 1
19818.205284 1
20169.757301 1
20176.940639 2
20206.681572 2
20221.232362 2
20721.929918 1
20722.668469 1
20776.934332 1
20778.315342 1
20817.125842 1
20823.217352 1
20851.190091 1
20879.932948 2
20984.857173 1
20992.010135 1
22599.389880 0
22604.576219 1
22693.049017 1
22716.729286 1
22821.480143 1
22851.733457 2
22947.186627 1
22953.085719 1
22990.266782 1
22999.381178 2
23328.087458 2
23333.067182 2
23903.712506 1
23937.442864 1
24090.005004 1
24137.965458 1
24226.191692 0
24241.557285 1
24271.084755 1
24273.694154 1
24307.809403 0
24312.448313 1
24332.377651 1
24342.083571 1
24364.168665 1
24371.535754 1
24504.387149 0
24504.707918 1
24639.131781 0
24660.280041 1
25297.549342 0
25300.962351 1
25351.177115 1
25362.194927 2
25378.930170 1
25398.708130 1
25420.817104 1
25434.068586 2
25656.602663 2
25667.799699 3
25804.152353 2
25806.540478 2
25809.362912 1
25820.664365 1
25859.739340 0
25862.000064 1
26046.574648 0
26049.640308 1
26097.420956 0
26109.850434 1
26239.544148 0
26259.496538 1
26629.032125 0
26659.997506 1
26679.402170 0
26680.037805 1
26756.453681 1
26763.907715 2
26872.010434 2
26903.647922 2
27022.850673 2
27023.778678 2
27093.632769 1
27104.983329 1
28566.562802 0
28576.807502 1
28793.097196 1
28795.739174 1
28939.810406 1
28946.519919 1
29801.799849 1
29834.219924 1
30028.761419 0
30032.930810 1
30060.232396 1
30071.563827 2
30218.852083 2
30236.426839 2
30269.899592 2
30274.508353 3
30450.491017 2
30450.741089 3
30510.752796 2
30521.115287 2
30534.595454 2
30541.362895 2
30553.671647 1
30556.263962 1
30585.199758 0
30596.312061 1
30625.597959 0
30644.101840 1
30792.361999 1
30799.838971 1
31071.619852 0
31087.948678 1
31632.903773 1
31637.739203 2
31895.081457 2
31898.952742 2
32399.079022 2
32418.311146 3
32488.614992 2
32493.452432 2
32587.132688 1
32614.168337 1
32840.154082 0
32841.685107 1
33027.198011 1
33027.771518 1
33081.971842 1
33087.200677 1
33164.354788 1
33181.339461 1
33969.776938 0
33985.034771 1
34118.018772 0
34126.106600 1
34150.064673 1
34151.588675 2
34192.286369 1
34210.278324 1
34273.187097 1
34290.826595 1
34515.578892 0
34519.330340 1
35250.980672 1
35275.791803 1
35360.341706 1
35366.760497 1
36838.669815 0
36852.891790 1
36877.479067 1
36887.451400 2
37091.498878 2
37102.042399 2
37188.323062 1
37195.419640 1
37844.091986 0
37864.167764 1
38100.819394 0
38117.991827 1
38125.936115 1
38137.854866 1
38341.451072 1
38345.472038 1
38695.030051 1
38698.492264 2
38798.584370 1
38798.728922 2
38812.404251 2
38818.599794 3
38896.595974 2
38909.088872 2
38982.699983 1
38985.034907 1
39219.010346 0
39222.687182 1
39256.720676 1
39269.657136 1
40458.830375 0
40470.245076 1
40529.393384 1
40530.409370 1
40567.900265 0
40581.347500 1
40696.863051 0
40697.333146 1
40873.932598 1
40883.788913 1
41045.310797 1
41077.302613 1
41083.836968 0
41098.370685 1
41460.880735 0
41468.535245 1
41622.720317 1
41633.510777 1
41635.093815 2
41638.776745 1
41907.538921 0
41914.020690 1
42146.359628 1
42152.216769 1
42600.724391 0
42619.604982 1
42883.598523 0
42893.369415 1
42998.545430 1
43012.778672 1
43064.626189 1
43079.419862 1
43258.683263 0
43272.455059 1
43302.682166 1
43303.694686 1
43345.534731 1
43352.028642 1
43390.976637 1
43396.135777 1
43417.290307 1
43422.922903 2
43485.517287 1
43506.320875 2
44089.080751 1
44096.720729 1
44548.122212 0
44556.416799 1
44668.332995 0
44682.235851 1
44902.192055 1
44912.040506 1
45317.054801 1
45333.044679 1
45462.299982 0
45480.052198 1
46368.231962 0
46368.710118 1
47191.274928 0
47240.095868 1
47240.947434 2
47251.338774 2
47348.292838 1
47354.162941 1
47382.883781 0
47383.469706 1
47565.710557 0
47592.940134 1
47603.227828 2
47616.574923 2
48178.157952 1
48187.226606 1
48276.931301 0
48278.299439 1
48315.949101 1
48316.678958 1
48619.471737 1
48619.737050 1
50364.765430 0
50376.989330 1
51294.726992 0
51305.804099 1
51483.087959 1
51488.526055 2
51525.462215 1
51528.005204 1
51597.077896 0
51598.486100 1
51620.486780 0
51622.069082 1
51674.339536 1
51682.728384 1
52139.872578 0
52165.343627 1
52679.678023 0
52680.779203 1
52706.156276 1
52733.981871 1
52737.711583 1
52742.464845 1
52913.284015 1
52920.581780 2
53083.568854 2
53130.876824 2
53162.599915 2
53163.958509 2
53190.409188 1
53227.320779 1
53502.061364 1
53502.772359 1
53812.682271 1
53831.359143 2
53859.870948 1
53860.160743 1
53930.518546 1
53933.295176 1
54108.280717 0
54125.351165 1
54139.249751 1
54149.613322 1
56047.674030 0
56049.127966 1
56200.705717 1
56213.461220 1
56231.330862 1
56232.760630 1
58621.135976 0
58622.578795 1
58881.119510 1
58882.427072 1
60089.917888 0
60098.199855 1
60377.889767 0
60381.308535 1
60414.992694 1
60416.517234 1
60591.193164 1
60593.125662 1
61138.222620 0
61138.776738 1
61198.309473 1
61200.146567 1
61243.232159 1
61249.021853 2
61803.305752 2
61808.196187 2
61854.873556 2
61856.218746 2
62050.922599 1
62058.378119 1
62119.976702 1
62132.555716 1
62306.825512 0
62308.668660 1
63059.748847 0
63069.278157 1
63307.269459 1
63311.869560 1
64257.120438 0
64261.448308 1
65830.253796 0
65837.267363 1
65866.050623 1
65873.092787 1
66694.382627 0
66694.517063 1
66855.398784 0
66857.583101 1
66920.799637 1
66927.206489 1
67269.253066 0
67278.815658 1
67621.745787 1
67624.891499 1
67982.502926 0
68014.447970 1
68169.857892 1
68172.403594 1
68394.071335 0
68405.910942 1
68413.151183 0
68418.497761 1
68685.607796 0
68695.284169 1
70045.820393 0
70061.434356 1
70191.844116 0
70192.104783 1
70200.940605 2
70212.180736 1
71328.886744 0
71342.323190 1
71503.711100 0
71506.694282 1
71701.480506 1
71702.298737 1
72187.808484 1
72199.363339 1
72266.338688 1
72269.235572 2
72423.231265 1
72429.489437 2
72734.669789 1
72736.774742 1
72842.805094 1
72869.625132 2
72946.129582 2
72953.419181 2
72993.556338 2
73003.507728 2
73011.668384 2
73017.617854 2
73161.169957 1
73180.782442 1
73290.247345 0
73301.749421 1
73798.086624 0
73804.193272 1
74230.714818 0
74235.436464 1
74280.200983 1
74283.087005 1
74363.820155 0
74371.172491 1
74376.373554 1
74377.658070 2
74437.595181 1
74438.941731 1
74451.082201 1
74454.316419 1
74605.587978 1
74621.497378 1
74788.125740 0
74794.479447 1
74952.863100 1
74960.684135 1
74966.753354 1
74974.945000 1
75284.948483 0
75290.316263 1
75395.658723 1
75404.130456 2
75427.457945 1
75444.704493 1
75481.763579 1
75484.802541 1
79014.567323 0
79019.653921 1
79140.538222 1
79147.473879 1
79185.256943 0
79188.733250 1
79282.854511 1
79285.819958 2
79368.927660 2
79394.107001 2
79564.726337 1
79565.581441 1
79996.159980 0
80011.120643 1
80025.722942 1
80030.598700 1
80826.359225 0
80830.239611 1
81029.544159 1
81036.857722 1
81128.257413 0
81133.068652 1
81332.497943 0
81333.413648 1
81460.940370 0
81477.917721 1
82022.060346 0
82026.398520 1
82320.366752 1
82330.940460 1
82427.445834 1
82451.408923 1
82595.608965 1
82612.930550 1
82626.865782 1
82628.921720 2
82777.109629 2
82778.647410 2
82831.838630 1
82832.833520 1
83047.879256 0
83073.271983 1
83123.445456 1
83141.496124 2
83162.464316 1
83173.711827 1
83216.465739 1
83216.669226 1
83270.276767 0
83287.201940 1
84396.911165 0
84419.994902 1
84463.938574 1
84476.210350 1
84714.336502 0
84718.213985 1
85820.709992 0
85821.091643 1
86550.535475 0
86554.845714 1
86565.902046 1
86568.806744 2
86668.472905 2
86670.846679 2
86706.894644 2
86707.828286 2
86814.959134 2
86836.570835 2
86860.445622 2
86864.724654 2
86903.133828 1
86907.078271 1
87033.933392 1
87041.664556 2
87058.144831 2
87076.138078 3
87217.477996 3
87220.780144 3
87335.600282 3
87384.734055 3
87411.172852 3
87429.849407 4
87542.049377 4
87544.302882 4
87555.150958 3
87564.058784 3
87616.195792 2
87627.822957 2
87664.126871 2
87676.846360 2
87955.074221 1
87978.046658 1
88135.464179 0
88179.972512 1
88206.223927 1
88229.035522 1
88263.921727 1
88276.457077 1
88334.327743 1
88340.723015 1
88455.285569 1
88455.511208 1
88846.287729 1
88852.685641 1
88974.299986 0
88980.194231 1
89009.620078 0
89019.288294 1
89186.238058 0
89187.519054 1
89242.247335 1
89252.185978 1
89259.046400 2
89264.371273 1
89490.258462 1
89494.080012 1
89748.499043 1
89752.741426 2
89783.321184 1
89785.205999 1
89953.107314 0
89957.287490 1
90747.412362 0
90748.271495 1
90754.856150 2
90768.437115 2
90813.421750 2
90819.582481 2
90902.098805 2
90905.727615 2
90972.805028 2
90977.429714 2
91001.135088 2
91013.155417 2
91025.606162 1
91033.590412 1
91287.160791 1
91328.121334 2
91575.819629 1
91598.925029 1
92093.270826 0
92098.977766 1
92316.316296 1
92323.632078 2
92644.065907 2
92667.567968 3
92989.011898 3
92989.690982 3
93000.301055 3
93001.893821 3
93093.384767 3
93100.189809 3
93362.868393 3
93365.584755 3
93621.494033 3
93621.800335 3
93729.759559 3
93746.232390 3
93771.611014 3
93776.540393 3
93793.829826 3
93801.819371 3
93881.659718 3
93886.552635 3
94090.377627 3
94096.552113 3
94131.532901 3
94137.151836 4
94137.704055 3
94149.110112 3
94457.794454 2
94461.617542 2
94552.373101 1
94557.094438 1
94926.570077 1
94937.910418 1
94949.766414 1
94960.389451 1
95721.494336 0
95722.754159 1
96191.379850 0
96197.071866 1
96218.083548 1
96220.935124 1
96525.839249 1
96536.573719 2
96685.080731 2
96699.609918 2
96799.908073 1
96812.367378 1
97359.766648 0
97359.842898 1
98045.985762 0
98070.169452 1
98083.073458 1
98084.074728 1
98135.928132 1
98146.472988 1
98161.834973 2
98185.563391 2
98333.864024 1
98337.320386 1
98541.829520 0
98542.471143 1
98971.647378 0
98974.946605 1
99821.975797 0
99825.639561 1
100000.000000 1
