# t N
117.305547 0
124.810267 1
327.339278 0
338.706092 1
369.183330 1
372.247654 2
382.283701 1
385.061964 1
401.115799 0
401.492259 1
405.744498 0
406.631611 1
419.851654 1
428.465244 1
609.371277 1
614.704590 2
633.800512 2
634.894941 2
733.100539 2
739.244470 3
740.286231 4
761.309896 4
774.918259 5
780.327464 4
802.489755 3
811.357472 4
822.519788 4
823.812367 4
823.913489 3
825.419614 4
928.750846 4
934.542230 4
965.636612 4
968.913751 5
1031.748707 5
1058.957208 5
1060.430013 5
1064.021052 6
1186.008840 6
1186.036617 6
1324.830101 6
1327.591162 7
1506.896834 6
1520.306089 6
1570.864952 6
1588.954131 7
1610.600707 6
1613.482434 6
1633.883883 7
1635.006904 7
1639.459625 7
1640.250700 7
1641.526039 7
1650.275081 7
1663.584193 7
1674.153955 7
1678.272925 6
1681.607583 6
1736.835204 5
1746.449404 6
1766.213812 6
1767.308526 5
1792.081173 4
1813.658257 5
1819.461812 5
1819.883069 5
1876.325060 4
1876.397798 4
1883.257505 3
1915.110497 3
1982.869684 3
1995.921945 3
2182.678764 3
2193.327439 4
2199.938679 5
2209.607183 5
2241.274886 4
2259.653198 5
2325.103136 5
2343.187810 6
2345.728194 7
2349.392365 8
2350.838882 8
2367.961821 7
2392.166286 6
2403.453615 6
2451.826736 5
2452.177186 6
2481.770382 5
2483.854556 6
2670.797765 5
2681.224341 5
2683.130465 5
2684.540141 5
2840.586418 4
2842.262353 4
2845.190646 3
2850.054116 4
2950.228930 3
2957.000125 3
2968.950570 4
2974.008490 4
3209.014364 4
3210.537009 4
3268.604577 4
3275.036917 5
3290.421006 6
3291.260059 6
3302.296587 7
3307.236050 7
3366.845868 6
3371.313569 7
3442.546404 7
3481.310270 8
3546.585522 8
3550.627860 9
3588.335135 8
3597.996738 9
3753.817822 9
3765.501734 9
3786.408802 9
3805.219221 9
3810.628643 8
3810.731470 8
3816.100005 8
3844.002463 8
3850.910396 7
3855.111576 7
3875.888603 6
3883.099422 7
3900.353684 6
3917.703316 7
3929.601196 7
3937.211044 7
3956.736610 6
3983.213957 7
3992.968332 7
4002.916673 8
4003.783784 8
4011.655729 8
4128.934774 7
4132.999071 8
4178.662829 7
4196.345218 7
4212.651254 7
4227.444005 8
4250.027677 7
4284.098493 8
4333.695065 7
4335.488287 8
4367.153632 7
4372.527505 7
4435.000853 6
4449.386170 7
4455.268797 6
4455.681180 7
4462.337536 8
4467.738277 7
4514.508793 7
4525.177783 8
4533.931685 9
4535.931536 8
4537.623718 7
4546.087220 8
4632.312268 7
4645.484093 8
4845.647039 7
4848.700351 7
4916.769795 6
4921.382713 6
4973.906860 6
4981.036361 7
4985.549116 7
4992.722970 7
5108.536869 7
5115.792272 8
5137.646100 7
5141.639611 8
5146.022193 8
5146.737650 9
5180.219732 8
5211.678273 8
5221.772237 9
5229.534804 8
5238.980570 8
5239.742838 9
5316.794544 9
5322.107245 9
5431.540019 9
5456.159240 10
5533.398286 10
5534.821042 10
5592.613951 10
5603.437553 11
5664.493649 11
5678.965833 12
5699.036036 11
5720.161262 12
5745.359401 12
5746.414901 12
5753.111187 13
5755.919525 13
5760.655021 13
5773.196542 13
5807.829078 13
5809.498308 14
5848.879774 15
5856.620922 16
5859.288870 15
5871.300614 14
5961.225697 13
5972.107567 13
6042.254649 12
6057.922450 12
6112.040508 11
6124.783490 11
6136.221689 10
6141.258413 11
6143.175242 10
6162.946781 10
6433.446388 9
6437.227695 9
6481.614832 9
6483.216634 10
6501.532110 9
6509.177156 9
6576.873084 9
6578.298545 9
6585.984381 9
6589.464826 9
6693.108040 8
6695.382092 9
6765.628561 9
6765.920488 9
6886.914817 8
6891.842919 8
7016.007870 7
7020.184047 8
7171.296350 8
7175.011230 9
7204.056724 9
7207.338010 9
7224.264740 8
7242.051801 9
7251.824518 10
7256.992892 10
7267.184769 10
7276.227824 11
7281.007428 10
7297.369138 10
7300.220334 9
7307.354176 10
7313.241477 10
7313.327792 11
7350.462282 11
7350.777615 11
7384.322140 11
7385.065333 11
7399.318261 11
7400.604341 11
7418.530570 10
7431.145148 11
7458.411941 11
7479.099647 12
7508.605389 11
7527.483805 11
7562.213812 11
7565.884050 11
7571.936864 11
7593.427241 10
7643.085473 10
7667.102268 11
7669.892558 10
7679.923259 10
7734.403127 10
7735.297738 10
7757.187523 10
7765.528442 11
7797.575737 11
7812.854061 11
7816.858409 11
7823.918753 12
7836.199222 12
7842.167068 13
7916.428928 12
7921.817499 13
7928.246240 13
7929.162166 12
7978.657167 11
7987.022298 11
8070.765722 11
8074.597680 11
8090.828058 10
8091.652216 10
8196.310200 10
8198.316550 11
8202.094829 10
8206.881058 10
8233.116544 10
8235.964190 11
8247.499515 11
8256.497325 11
8285.133541 11
8317.616639 11
8347.796943 10
8349.038128 11
8355.145770 11
8355.606617 12
8379.241984 12
8390.851004 13
8412.433996 12
8413.599665 13
8446.849297 12
8465.518056 13
8469.193325 13
8471.028038 14
8486.382081 14
8494.271390 13
8516.486990 13
8520.027344 13
8526.370588 12
8536.570349 12
8545.664162 11
8546.128446 11
8550.968144 11
8561.943831 11
8594.638991 11
8614.024488 12
8644.380001 11
8647.211939 11
8700.570781 10
8704.828969 10
8742.295634 10
8767.115518 11
8818.708948 10
8825.587639 11
8850.308424 10
8851.606076 10
8895.998535 9
8931.065423 9
9019.071417 9
9027.919198 10
9118.517034 9
9131.465578 10
9172.058062 10
9173.186282 11
9277.956077 11
9293.928618 12
9346.863392 12
9348.226427 13
9361.421448 13
9368.128787 14
9369.449076 15
9370.580351 15
9397.781270 15
9405.682637 16
9451.493757 16
9462.834805 17
9478.197755 17
9491.164951 17
9581.889565 16
9603.782793 17
9724.426070 16
9724.862695 17
9807.166988 17
9819.886543 18
9833.130450 18
9838.336469 18
9857.236039 18
9864.371683 19
9970.249958 18
9978.786935 19
9981.239145 19
9984.738875 19
10039.617773 19
10039.948717 20
10051.618226 20
10053.644258 19
10091.246891 19
10092.640741 20
10095.646539 21
10110.412720 22
10116.609696 22
10117.383861 22
10121.624729 23
10131.202218 23
10176.478722 22
10179.484142 22
10206.209970 21
10211.103889 22
10211.332918 23
10211.737595 22
10231.635643 22
10233.427922 23
10233.622032 23
10235.763714 24
10271.455394 24
10271.768987 25
10278.690485 25
10290.212148 26
10297.284841 27
10330.670876 26
10343.134042 25
10349.351328 25
10360.099451 24
10360.918824 25
10363.756939 25
10375.001675 25
10384.360676 25
10388.623502 25
10449.282063 24
10466.956973 24
10470.378650 25
10477.194331 25
10478.771682 26
10481.401866 27
10485.184843 26
10509.999151 25
10515.102582 26
10522.942289 26
10529.552836 26
10530.406857 26
10577.484466 26
10583.568742 27
10624.368582 27
10631.002012 27
10747.758082 27
10774.839748 27
10777.508470 28
10799.980362 28
10805.575653 27
10809.029544 26
10893.934558 25
10895.569410 25
10933.809294 24
10934.863812 24
11013.335505 24
11016.548391 24
11035.703794 23
11045.774137 23
11053.193208 23
11061.497418 23
11101.590682 24
11103.499007 24
11106.016875 24
11117.552231 25
11161.097150 24
11163.643699 25
11163.947655 24
11170.653289 24
11314.762125 24
11317.901319 24
11406.709006 23
11428.844942 23
11491.077470 23
11493.626955 24
11517.214971 23
11537.529662 23
11582.832176 22
11587.503751 22
11587.891493 21
11593.073197 21
11612.083291 20
11623.752855 20
11680.650248 19
11703.432555 20
11745.609962 19
11756.512210 19
11773.232810 18
11829.705259 18
11872.321341 17
11878.149743 18
11903.165727 17
11905.991937 18
11941.571672 18
11960.558635 19
12002.307694 19
12004.704108 20
12029.128129 20
12035.927179 20
12050.209693 20
12059.649418 21
12062.248937 21
12063.989433 21
12069.058875 22
12077.699372 21
12111.013460 20
12115.398317 21
12141.492855 20
12150.958859 20
12156.365660 20
12159.599832 19
12164.276641 19
12177.206319 20
12305.543427 20
12314.801081 20
12393.185717 20
12393.878955 21
12557.311294 20
12563.764853 21
12607.374140 20
12614.180108 21
12616.268996 22
12616.514125 22
12639.439073 21
12647.499389 22
12655.105639 21
12678.358705 21
12689.982658 20
12693.120901 20
12699.996848 19
12711.230477 19
12730.539076 18
12739.953265 19
12842.316062 19
12843.429124 19
12859.906100 19
12872.309857 19
12904.177257 18
12929.412708 18
12980.560309 18
12985.880410 19
12995.622028 18
13016.845051 18
13033.099326 17
13033.890316 17
13065.007141 17
13073.948374 18
13075.131603 19
13093.951170 19
13094.597555 20
13100.176680 20
13107.528953 19
13107.838169 18
13121.725991 19
13127.051269 19
13132.930352 18
13164.995153 18
13166.498512 18
13174.855520 17
13176.850190 18
13177.926756 17
13185.162247 18
13187.983030 17
13209.337342 17
13219.033898 17
13223.981875 17
13227.092212 16
13250.608820 16
13251.714182 17
13259.841812 18
13276.529819 19
13280.569171 18
13333.841539 18
13338.484176 18
13346.099196 18
13355.421434 17
13364.790806 18
13365.200822 19
13379.024508 19
13398.517776 19
13399.006034 19
13433.653725 18
13447.163127 19
13449.229123 19
13463.733865 20
13479.636285 20
13484.617578 20
13496.052798 19
13498.284148 19
13579.507409 19
13582.473143 20
13658.421418 19
13691.170857 19
13705.631177 18
13711.128259 19
13924.194728 18
13952.821906 19
14064.147194 19
14065.903235 20
14163.335002 20
14181.107750 20
14183.119504 20
14183.796847 20
14194.471434 20
14213.189218 21
14256.408736 21
14269.161331 21
14315.452485 21
14319.977059 22
14354.499930 21
14356.597636 21
14392.356700 21
14395.910403 22
14477.787732 21
14484.510870 22
14502.441366 23
14514.349489 23
14526.925417 23
14533.532610 22
14565.786544 21
14580.889774 21
14587.885120 22
14603.773726 22
14633.747915 22
14650.581542 21
14661.788293 20
14667.694016 21
14711.622490 21
14717.021807 21
14733.399237 21
14736.055966 22
14751.937896 22
14752.777801 23
14861.544697 22
14880.876965 23
14936.686091 23
14952.418431 24
14970.361047 23
14971.750925 24
14977.831429 24
14984.936753 24
14994.156329 23
14999.336739 24
15037.927146 24
15049.280952 24
15084.684055 24
15085.129114 24
15121.742229 23
15129.771082 24
15224.277310 23
15239.532078 23
15313.308512 22
15325.789341 23
15332.809031 23
15339.012765 24
15389.180509 24
15397.004746 25
15401.542322 25
15416.904393 26
15423.866606 26
15439.162996 25
15462.483625 25
15463.906639 25
15468.586401 24
15477.202439 25
15486.407101 25
15497.833081 26
15583.672841 25
15588.749152 26
15652.650583 26
15654.672836 27
15664.000670 26
15683.102270 27
15709.675688 26
15715.630749 27
15737.815581 27
15742.447780 27
15777.889243 26
15787.539732 26
15858.867521 26
15873.855842 27
15903.048913 27
15910.162429 26
15963.777991 26
15966.971347 26
15967.635275 27
15977.634340 27
15978.518340 27
15986.234867 27
16085.718357 27
16093.582778 28
16128.092364 27
16142.918242 28
16147.030489 28
16193.833341 28
16213.997748 27
16217.282815 28
16221.079731 28
16224.298534 29
16263.739029 28
16271.032970 28
16327.505230 27
16341.614157 27
16352.110157 27
16355.880219 28
16360.283932 28
16361.542729 28
16372.943989 28
16375.455308 29
16398.209487 28
16419.380693 28
16438.595933 27
16454.391462 27
16487.138462 27
16491.715035 28
16500.746030 27
16501.642073 27
16502.356562 26
16525.502939 26
16576.587634 25
16578.353884 25
16590.832390 25
16593.548977 25
16595.579795 26
16603.280193 26
16610.499955 27
16611.815955 27
16677.742697 27
16689.433397 27
16792.558226 27
16811.085511 28
16817.216597 27
16826.734282 27
16838.459670 26
16858.330494 26
16916.259420 25
16919.790742 25
16971.701699 25
16981.954322 25
16993.783497 25
16998.259535 26
17037.290020 26
17066.799835 26
17095.646405 26
17099.961446 26
17104.547339 25
17107.054240 26
17110.722947 25
17122.011463 25
17140.181579 25
17152.561802 26
17158.148501 27
17162.920130 26
17165.818127 27
17181.732579 26
17210.838514 25
17221.622090 25
17235.774892 24
17241.799837 24
17247.404655 24
17255.027399 25
17269.169840 24
17275.549666 25
17279.233693 25
17296.996131 25
17298.058813 26
17299.060429 26
17320.041199 26
17322.413968 27
17414.984380 27
17417.353429 28
17450.854760 28
17455.346530 29
17482.330272 29
17483.069584 30
17494.543074 30
17506.916170 30
17509.073152 31
17520.440119 30
17529.275223 30
17548.740735 31
17595.439881 31
17596.397863 31
17649.519638 31
17657.693569 31
17906.447425 30
17906.820016 31
17965.456517 30
17968.124189 30
17988.226889 31
17988.770791 31
18185.411577 31
18192.159800 32
18239.755531 31
18246.312827 31
18312.416961 30
18313.426858 30
18321.132805 30
18351.924812 31
18403.206775 30
18410.429849 31
18460.929571 31
18468.095249 32
18506.059375 31
18556.439059 31
18621.329101 30
18623.612597 31
18714.890795 30
18729.623211 30
18784.798005 30
18785.246969 31
18875.719635 31
18883.135080 31
18941.550178 31
18945.544924 31
19034.561536 31
19037.332179 32
19054.741041 31
19113.832291 31
19181.328567 30
19197.006599 31
19202.316638 31
19204.861674 32
19268.437302 31
19271.157803 32
19281.703007 32
19282.020773 33
19287.131689 34
19307.174874 34
19308.576766 34
19315.693450 34
19486.347873 33
19495.950270 34
19550.450377 33
19576.591578 33
19595.694319 33
19597.390941 34
19696.871852 34
19708.166708 35
19755.145729 34
19756.486454 35
19760.224268 35
19774.477108 34
19781.107982 33
19783.142108 33
19913.904163 33
19934.998084 33
19946.440190 32
19958.942235 32
20014.548630 32
20027.261418 33
20066.933598 33
20077.122015 34
20086.947215 34
20095.759096 34
20259.660459 33
20266.382366 34
20328.863699 34
20336.272469 35
20368.463038 34
20385.201751 35
20460.811551 35
20476.391320 36
20491.616414 36
20496.401907 36
20507.341899 36
20513.995143 36
20521.477638 35
20527.716440 35
20527.822335 35
20531.083038 36
20534.493346 37
20536.352506 37
20538.789876 36
20562.673344 37
20588.672957 36
20595.709627 36
20597.607069 36
20603.504478 37
20649.441615 36
20653.154452 36
20706.837711 36
20706.937339 36
20735.633415 36
20737.380917 37
20745.672424 36
20751.838816 36
20765.014787 36
20772.775428 35
20790.986958 34
20794.261631 35
20794.983323 34
20796.249747 34
20809.064627 33
20820.322571 34
20834.842811 34
20838.486421 33
20898.912864 32
20902.071372 32
20904.037602 32
20912.624103 32
20924.172489 33
20926.768071 33
20959.287685 32
20959.687998 32
20959.839918 32
20964.250011 31
20997.746470 31
20998.318111 31
21018.292282 30
21038.255024 31
21045.216144 32
21047.110525 31
21097.957240 31
21100.062825 31
21203.299083 30
21209.555837 31
21261.462182 30
21267.419192 30
21360.742662 30
21361.880757 30
21389.970374 30
21401.945934 30
21431.774508 29
21446.872747 29
21493.146919 29
21519.463302 30
21548.480739 30
21564.253128 30
21606.467324 29
21626.614302 30
21664.516967 29
21666.175636 29
21675.391793 29
21679.921230 30
21729.195941 30
21777.106017 31
21862.911529 31
21877.950872 32
21879.354218 33
21895.512241 32
21978.450247 32
21981.374601 33
22019.114035 32
22032.057038 33
22085.752470 33
22086.521025 34
22088.295376 34
22091.423296 34
22114.587647 35
22120.915365 35
22186.173319 34
22190.479876 35
22213.745422 34
22226.233462 34
22342.378844 33
22348.795179 34
22386.606412 33
22409.545621 33
22495.314559 33
22503.668422 34
22513.105390 34
22515.930929 34
22557.914422 34
22566.444763 34
22597.227379 33
22621.035833 34
22675.584044 33
22685.758635 33
22691.719578 33
22701.901293 33
22709.604058 32
22710.425605 33
22710.483859 33
22714.295651 34
22766.324106 33
22784.315216 34
22798.243176 33
22798.420631 33
22974.181289 32
22979.192637 33
22980.132603 34
22980.361876 33
23072.390107 32
23073.946596 32
23260.882454 31
23263.192893 32
23366.228294 31
23372.988005 32
23423.460523 32
23445.335832 32
23467.169447 32
23474.518261 33
23645.120717 33
23658.414619 33
23667.232807 33
23668.732157 33
23742.001780 33
23753.586048 34
23844.900265 33
23862.308335 34
23878.864441 34
23896.874890 34
24060.159048 34
24077.205245 35
24139.125538 34
24161.618689 34
24327.449793 34
24332.652012 35
24351.646108 35
24358.831980 36
24365.554214 36
24369.425857 36
24372.109550 36
24374.204478 36
24424.521438 35
24427.671527 35
24452.542849 34
24462.816332 34
24509.611005 34
24511.049287 34
24519.624633 33
24520.780021 34
24568.000275 34
24590.782876 34
24706.907307 33
24709.044300 34
24763.604782 33
24781.499360 34
24790.737553 34
24790.840356 34
24814.002308 34
24817.785250 34
24846.159573 34
24861.006902 34
24864.420908 34
24866.631808 34
24931.532060 34
24936.472408 35
25017.371959 35
25026.663897 36
25057.190597 35
25078.865988 35
25102.779553 34
25167.308831 35
25368.981929 35
25369.565133 36
25391.135065 36
25393.975660 36
25414.172740 36
25417.342651 37
25479.679225 36
25489.515406 36
25511.500184 37
25512.524544 37
25535.278279 38
25553.093074 39
25553.102192 39
25561.952493 38
25570.384039 37
25573.947458 37
25607.561822 38
25607.813208 38
25681.844262 38
25703.156390 39
25705.350911 39
25717.375377 40
25729.271197 39
25735.925673 40
25814.631063 39
25826.301165 39
25831.278889 39
25833.464372 40
25837.440087 40
25864.955207 40
25969.468949 39
25985.561227 39
25997.101414 38
26003.595953 39
26043.832103 38
26061.586424 38
26206.410164 38
26210.290863 39
26211.365954 39
26214.582086 39
26247.153868 39
26286.678199 40
26308.072063 40
26308.245777 39
26310.073455 39
26317.688397 38
26354.680845 38
26369.355412 38
26396.989253 37
26398.661531 37
26413.904868 37
26439.590194 37
26460.854124 36
26465.980268 37
26476.633193 36
26478.897330 37
26491.964118 37
26503.928301 38
26623.692233 37
26630.057674 38
26701.324734 38
26705.699803 39
26775.441086 39
26778.122366 39
26798.525321 38
26802.359951 38
26810.543255 38
26816.966309 37
26842.122992 36
26860.927324 37
26892.681155 37
26961.396055 38
27023.905590 38
27027.900469 38
27052.495913 37
27052.734847 37
27055.950608 37
27061.926224 38
27073.411058 39
27082.092274 39
27113.746986 38
27118.940005 39
27238.987279 39
27249.637830 39
27252.791280 39
27288.483443 40
27289.494603 40
27306.722675 41
27354.801925 40
27371.386402 41
27586.751720 41
27590.821159 41
27608.954408 41
27610.380399 42
27611.301132 42
27611.680784 42
27718.488882 42
27726.534165 42
27779.137616 41
27781.751993 42
27782.396343 43
27783.003357 43
27799.538653 43
27821.021889 44
27907.400811 43
27913.085633 44
27959.499017 44
27963.394125 44
28011.404458 43
28014.777590 44
28047.590428 44
28054.409874 45
28056.677785 46
28063.746841 45
28140.772800 45
28145.433074 46
28157.422443 46
28158.875318 46
28185.364714 46
28192.256952 47
28208.657820 46
28219.225085 47
28251.404751 46
28264.484789 47
28300.009552 46
28330.146137 46
28331.045807 45
28332.933470 45
28360.230244 44
28367.334778 45
28485.620846 45
28505.142810 45
28532.899650 45
28550.462535 46
28574.637984 46
28576.846623 46
28616.818420 46
28630.008650 46
28634.590661 46
28635.463620 46
28650.572338 47
28651.334332 47
28680.841155 47
28695.409293 48
28711.445158 48
28721.573770 48
28726.500898 49
28759.402722 49
28762.934816 49
28786.749243 49
28806.505363 49
28833.125930 49
28841.259906 48
28856.139705 48
28880.731237 49
28887.508642 48
28897.970709 49
28916.947121 48
28929.844312 48
28941.356601 49
29027.106829 48
29046.250331 49
29068.311463 49
29068.595901 50
29156.262025 50
29159.315591 50
29216.939679 49
29225.376391 49
29227.718590 49
29227.966146 49
29249.463707 49
29252.683030 49
29350.180635 48
29375.547705 49
29411.215129 48
29412.974710 48
29413.841524 48
29414.669652 49
29462.473270 48
29474.719709 49
29498.588414 50
29504.443007 50
29508.750472 49
29511.960631 48
29667.150938 47
29668.173107 48
29740.019226 48
29747.257134 48
29879.795702 47
29890.552332 47
29988.862371 46
30005.937629 46
30015.047627 47
30015.383035 46
30021.298395 45
30024.752238 45
30132.340217 45
30145.267079 46
30160.224588 46
30172.757998 46
30226.678594 46
30227.641621 46
30250.439770 47
30256.428334 47
30313.071779 46
30364.621527 46
30369.627717 46
30373.245716 46
30416.571944 45
30424.073145 45
30462.438509 45
30464.080990 46
30466.144785 45
30485.153331 45
30542.412042 45
30574.320394 45
30583.139262 45
30586.773811 46
30670.247233 46
30675.308773 46
30691.960044 47
30696.122764 47
30704.243425 47
30709.220467 48
30718.525543 48
30721.977522 48
30729.155141 47
30733.152870 48
30735.423775 48
30736.461393 49
30737.088171 49
30741.660020 48
30750.840087 47
30754.176345 48
30862.757840 48
30883.646449 49
30894.177269 49
30895.705275 50
30971.719456 49
30977.229899 50
30992.631378 51
30996.285916 51
30997.922966 51
31014.509206 51
31016.119628 51
31017.533672 51
31025.955445 51
31053.763438 52
31055.859208 53
31057.854883 52
31083.309718 52
31085.337976 52
31163.109180 52
31164.225827 52
31258.169340 52
31273.223658 52
31306.432929 51
31309.349178 51
31386.490549 51
31390.964222 52
31392.331789 52
31402.358276 52
31450.596190 52
31462.732929 52
31588.232153 51
31592.909723 51
31867.579516 50
31869.654450 51
31888.126927 51
31891.682318 51
31893.092773 51
31896.262597 50
31904.669864 50
31912.494643 50
31936.603723 50
31950.333096 50
31952.577086 50
31966.824751 51
31976.093392 51
31986.844514 51
32110.002676 51
32114.142200 52
32123.944574 52
32143.931329 52
32158.245351 51
32162.369354 52
32195.090696 51
32203.465475 52
32205.879145 53
32219.549690 53
32221.686874 53
32222.188327 54
32250.012290 54
32253.359860 55
32257.038309 56
32261.851589 55
32303.838146 55
32307.710505 56
32309.971819 56
32317.006904 57
32325.190761 57
32331.928659 57
32354.976939 56
32368.653984 56
32388.817433 55
32398.788180 56
32489.527159 56
32493.848849 56
32499.758880 56
32502.964652 56
32536.328397 56
32548.085285 57
32553.738769 58
32559.255548 58
32574.194850 58
32601.579689 58
32822.769988 58
32834.838723 59
32896.006688 58
32896.376809 59
32900.048387 58
32903.759896 59
32981.425858 59
32992.685547 60
33003.333489 59
33004.703580 60
33017.214163 60
33045.104316 61
33128.009799 61
33134.538080 62
33162.279090 62
33167.959368 63
33168.421825 63
33170.773273 62
33292.486371 61
33301.940360 61
33335.718558 61
33350.061372 62
33375.579605 62
33381.044166 63
33472.136200 63
33475.370981 63
33569.302876 62
33577.933640 62
33588.129546 63
33588.144255 64
33606.562935 63
33621.233713 63
33677.248834 63
33678.171204 64
33702.120652 63
33702.125865 64
33740.161364 64
33757.408859 64
33759.207592 64
33764.472732 65
33765.559109 64
33766.758587 65
33811.870466 64
33812.934283 65
33819.286504 65
33819.872145 66
33839.114931 66
33846.844537 66
33956.673348 65
33967.137153 65
33968.097001 66
33968.344252 67
33969.303414 67
33979.694264 67
34020.202792 67
34034.007273 68
34061.036309 68
34066.931077 68
34070.824107 69
34073.939627 69
34113.130125 68
34113.335435 69
34137.776926 69
34138.238815 68
34140.964222 68
34154.359402 69
34184.533294 69
34198.646919 68
34209.405849 67
34219.352775 68
34305.813285 68
34308.678090 69
34486.657471 69
34488.827664 69
34522.459630 68
34527.270571 69
34637.143324 69
34639.431882 70
34722.214300 70
34738.093096 71
34802.870660 71
34843.188511 72
34844.424437 72
34850.124594 72
34874.762809 72
34882.991613 73
34904.351799 72
34905.549089 72
34914.967098 71
34918.751017 71
34918.940019 70
34936.796847 71
34988.700978 71
35001.415979 72
35017.130289 72
35033.850866 73
35245.753538 73
35257.769665 74
35339.759628 74
35347.126643 74
35427.965815 73
35430.309790 74
35472.376726 73
35476.602647 74
35514.364822 73
35515.054979 73
35768.944159 73
35770.146506 74
35772.637293 74
35773.338241 74
35774.045013 74
35783.871989 73
35789.265601 72
35789.847888 72
35805.519573 73
35818.300941 72
35835.429044 72
35847.518989 71
35909.714057 71
35915.050871 72
35923.547978 72
35924.315407 73
35948.493748 73
35952.840886 74
35953.389726 73
35961.006454 74
35984.083722 74
35990.617210 74
36064.718677 73
36065.891011 74
36086.894179 74
36103.767900 75
36282.815096 75
36286.447573 76
36388.468469 76
36391.567997 77
36444.907292 76
36448.918291 77
36539.108704 77
36543.861273 77
36629.162253 76
36637.246350 77
36638.226281 77
36640.574988 77
36660.638661 78
36662.645435 77
36675.770351 77
36734.304212 77
36790.033948 76
36800.162186 76
36804.849508 76
36821.575644 77
36946.927294 76
36961.212048 77
37101.135046 77
37152.754574 77
37200.164892 77
37201.491468 77
37329.577427 77
37331.020603 77
37357.957352 77
37365.720208 78
37383.819605 77
37385.675125 78
37445.776297 78
37450.306692 79
37480.028012 78
37492.543880 78
37520.895345 78
37544.014329 79
37604.239238 79
37605.690892 80
37642.224284 80
37645.900631 80
37692.083396 79
37693.952595 79
37733.867403 79
37747.400146 79
37771.868953 79
37775.333815 79
37775.568136 80
37784.006210 80
37846.031885 80
37846.327502 81
37851.863849 82
37856.115878 81
37885.716620 81
37892.808750 81
37943.114326 80
37945.861713 81
38032.187711 81
38039.379557 82
38069.522155 81
38072.277054 81
38082.881230 80
38083.137739 81
38092.341020 81
38095.470266 82
38153.274841 82
38163.334032 83
38321.111715 83
38349.212107 84
38378.243960 83
38391.451423 83
38431.217943 83
38444.958508 84
38573.062216 83
38573.453677 84
38576.731070 84
38578.958000 85
38585.514305 84
38597.102180 85
38638.842632 85
38651.971256 85
38719.384194 85
38739.184409 86
38745.129676 85
38749.180981 86
38776.876934 86
38787.751127 86
38809.003756 86
38810.385736 87
38814.113307 86
38839.500800 86
38875.636832 85
38893.325626 86
38916.044458 86
38920.327634 87
38927.359936 87
38936.422965 88
38945.374332 88
38945.999477 88
39210.587243 88
39212.707099 89
39245.561615 88
39253.981445 89
39274.437360 89
39275.288813 90
39302.835707 89
39317.042922 89
39323.078448 89
39345.828118 89
39432.438631 89
39436.031431 90
39445.076750 89
39447.436146 90
39473.795196 90
39477.078757 91
39537.138672 91
39555.885352 91
39611.215510 90
39619.859824 90
39637.362959 89
39655.565509 90
39677.679048 89
39693.901381 89
39764.743624 88
39796.494018 88
39970.813795 87
39970.978743 88
39989.996311 88
39996.623984 88
40047.478805 88
40064.554520 89
40110.812266 88
40112.389238 88
40204.777482 87
40216.224690 87
40217.889225 88
40221.129529 88
40348.600455 88
40350.217808 88
40387.142569 87
40389.530326 87
40408.689877 87
40422.269873 88
40633.786753 88
40637.921234 89
40665.550328 89
40666.344049 90
40667.063186 89
40676.078784 90
40729.337034 90
40762.586532 91
40915.899407 91
40919.364517 91
40950.106123 91
40971.401649 91
40999.825986 92
41005.612486 92
41013.200203 91
41031.685431 91
41082.553720 91
41085.935953 91
41230.472528 90
41231.221447 91
41285.759299 91
41289.849129 92
41337.390783 92
41347.643182 93
41355.098483 92
41365.644979 92
41365.842647 91
41388.702876 92
41392.602981 91
41395.755543 91
41507.996992 90
41524.021285 91
41606.468245 90
41611.861370 90
41615.912058 89
41622.874825 90
41627.339417 91
41643.725231 91
41727.433156 90
41729.198389 90
41742.322721 90
41748.846085 89
41761.342290 89
41764.584994 90
41842.789850 90
41848.445548 91
41849.778995 91
41854.398289 91
41868.575267 91
41869.037438 91
41906.966165 90
41907.395352 91
41954.926824 90
41959.623589 90
42029.841507 90
42037.233059 90
42049.991798 89
42050.794665 89
42058.863995 88
42070.065686 89
42119.708021 88
42130.825386 88
42172.926004 88
42177.078207 89
42246.351077 88
42246.578245 89
42249.346509 88
42258.070195 89
42262.443541 89
42265.336496 90
42352.019036 89
42354.029451 90
42366.645990 89
42370.385282 90
42373.768913 90
42384.639032 91
42393.563303 91
42393.899373 91
42470.404511 90
42472.200240 90
42476.607143 90
42482.528883 89
42504.712904 88
42505.830832 89
42518.392087 88
42532.770521 88
42566.835199 87
42580.622890 87
42591.986433 86
42600.202189 87
42722.470551 87
42742.325672 88
42776.634574 87
42779.101140 87
42815.714707 87
42826.730934 88
42868.797411 87
42896.720317 88
42907.760580 87
42920.819857 88
42935.408377 87
42945.519120 88
42959.683714 89
42968.089436 88
42983.120962 88
42987.553107 89
43120.420875 88
43141.019674 88
43149.756387 89
43150.072021 88
43284.906805 87
43362.285915 87
43367.584015 88
43368.763439 87
43492.509583 87
43497.268278 87
43527.789445 86
43530.858017 87
43587.353378 87
43597.000901 88
43612.057532 88
43626.258098 88
43803.971033 87
43825.865464 88
43913.048493 88
43931.450427 88
43981.381490 87
43982.768868 87
43991.805751 86
43999.641725 86
44144.622679 85
44150.277264 85
44205.596048 84
44213.799819 84
44222.273286 83
44249.373213 84
44266.699772 84
44269.423155 83
44293.762072 84
44294.409217 83
44324.424611 83
44351.422411 84
44352.287061 83
44358.474516 84
44388.680991 84
44391.750633 84
44460.497959 83
44465.046151 83
44474.826845 82
44475.208502 83
44567.781768 82
44571.351634 83
44704.260608 83
44718.572587 84
44739.648306 83
44739.913851 83
44769.738351 82
44771.373063 82
44978.784033 81
44985.121015 82
45065.504281 82
45066.090349 82
45228.306517 81
45238.376358 82
45248.217193 83
45251.452770 83
45298.938205 83
45299.459136 83
45333.079170 83
45334.942599 83
45341.712557 83
45342.998594 84
45353.760533 85
45358.254172 84
45386.124083 83
45390.838053 84
45409.226407 83
45409.882468 83
45476.083145 83
45477.061056 84
45518.828963 84
45532.209035 84
45532.674097 83
45545.466015 84
45572.079503 84
45573.356027 84
45581.500308 84
45583.254412 84
45593.780172 84
45604.322217 83
45686.794596 83
45719.431563 83
45728.958809 82
45729.947684 82
45788.470912 81
45793.625328 82
45982.381006 82
45984.413500 83
46161.243923 82
46164.656266 83
46188.658703 82
46190.542757 83
46204.251553 83
46221.272809 82
46306.566441 82
46312.233069 83
46315.400099 83
46319.230925 83
46336.116102 83
46337.793941 83
46343.362743 83
46364.282403 82
46371.848742 81
46377.804311 82
46401.534230 81
46407.860904 82
46443.849016 82
46472.463494 82
46544.375602 81
46545.469303 81
46568.029062 82
46570.631224 82
46580.130938 83
46627.273425 82
46642.929563 82
46656.625024 83
46704.996599 82
46707.708357 83
46734.333924 82
46741.834004 82
46859.037461 81
46869.338566 81
46920.727354 80
46928.045352 80
46972.080535 80
46996.625290 80
47005.588257 80
47018.896022 80
47063.805561 80
47087.631821 80
47250.932025 80
47257.529595 81
47270.334463 81
47302.440839 82
47332.917156 82
47339.529382 82
47385.547661 82
47393.424784 82
47425.457118 82
47431.160508 83
47452.287913 83
47464.285330 83
47566.493215 83
47577.215052 84
47617.386205 84
47627.239646 85
47663.396115 84
47665.260104 85
47689.046368 85
47698.795348 85
47756.919091 84
47766.363621 84
47778.025697 84
47783.874589 85
47913.029829 84
47915.345527 85
47945.426942 85
47953.729121 86
47956.953115 86
47957.756539 86
47961.752987 86
47965.611874 86
48017.864299 86
48023.791626 86
48217.327274 86
48228.044815 87
48284.523171 87
48293.394791 87
48296.358236 88
48333.949574 88
48399.174498 88
48413.681531 89
48472.552060 88
48474.818650 89
48505.605566 88
48511.082576 89
48744.722639 88
48745.418706 88
48797.751002 87
48797.872671 88
48826.552756 88
48826.917109 88
48891.792584 88
48906.144363 88
48967.951908 87
48969.841545 88
48979.507147 88
48981.392434 88
49083.968720 87
49088.154370 88
49231.775965 88
49243.412842 89
49248.271746 89
49250.083386 90
49256.328582 91
49258.880400 91
49272.567757 91
49283.468917 92
49283.561369 91
49287.763456 90
49288.675120 89
49290.254454 90
49292.413783 90
49293.013267 89
49367.745878 89
49368.621592 90
49375.033758 91
49386.468513 91
49485.762314 91
49504.383828 92
49545.557061 91
49570.079952 91
49614.893003 90
49616.473733 90
49650.128311 90
49650.940970 90
49657.495793 90
49683.497829 90
49703.617250 90
49711.032956 90
49749.894167 89
49752.737479 89
49772.586640 90
49775.288228 90
49804.665070 89
49816.640564 89
49879.978884 89
49883.879686 90
49886.050902 91
49893.035680 91
49895.234875 90
49895.639069 91
49997.960807 90
50006.827714 90
50022.115810 90
50034.138288 91
50062.791685 91
50080.385067 92
50089.142352 93
50100.353925 92
50153.394779 92
50164.211796 92
50272.864016 92
50274.438077 93
50288.187657 93
50292.879603 92
50336.992823 91
50338.853069 91
50365.638401 91
50380.352357 92
50512.967181 91
50525.567304 91
50660.578265 90
50663.748929 91
50673.818391 91
50675.749171 91
50678.997541 91
50687.500683 92
50715.655062 91
50726.513635 91
50743.630779 91
50745.258084 90
50771.346613 90
50781.195782 90
50817.179012 90
50828.544667 90
50857.334511 89
50871.699644 90
50925.701110 89
50933.896375 90
51012.478577 89
51013.404599 90
51014.685719 89
51036.744238 89
51134.983571 89
51161.823852 89
51165.971191 89
51167.354371 90
51448.581501 90
51450.742104 90
51454.618054 91
51467.141215 91
51483.230993 91
51487.422924 91
51500.210023 90
51505.116256 91
51556.851256 91
51564.164480 92
51584.282951 92
51590.331610 93
51626.216366 93
51630.949857 94
51634.412078 94
51636.345982 94
51747.728076 94
51749.355335 95
51752.128283 96
51775.157108 96
51977.360237 96
51989.378934 97
51993.033451 98
51997.804923 99
52016.054627 99
52019.417074 98
52023.590015 99
52025.457155 98
52031.127420 98
52085.643988 97
52113.161381 97
52118.531903 98
52119.359259 98
52126.897704 99
52167.483210 99
52169.280781 99
52176.874736 100
52181.448724 100
52336.827821 100
52341.218790 101
52370.835258 101
52377.928102 101
52384.802710 100
52385.635669 101
52429.986338 101
52438.503844 102
52494.002762 101
52502.612544 102
52539.288701 101
52545.314522 102
52574.230370 102
52576.292333 103
52649.073117 103
52664.515978 104
52669.718800 104
52679.280687 105
52703.457287 106
52722.735485 107
52738.092004 106
52764.743198 105
52766.920270 105
52766.927106 104
52944.441766 104
52948.999899 104
53026.354551 103
53029.197206 103
53052.693142 102
53055.924192 102
53056.605351 102
53070.548446 102
53160.621674 101
53161.956457 101
53185.403372 100
53186.423416 101
53234.551121 101
53236.598068 102
53264.793571 101
53271.453202 102
53314.573747 101
53331.763759 102
53443.795992 102
53445.918959 102
53508.037549 101
53527.718645 102
53629.440340 101
53629.707600 102
53656.832119 101
53671.526129 101
53782.164058 101
53784.896642 102
53847.871913 102
53850.535264 102
53900.435525 102
53927.148989 102
53950.946396 101
53961.630016 102
53977.275911 101
53980.042520 102
54034.043495 102
54038.862341 103
54112.369133 102
54113.835050 102
54164.145544 102
54167.153949 103
54167.675715 102
54175.008461 102
54251.927853 101
54257.308994 101
54260.959893 101
54265.840162 101
54270.639640 101
54274.246838 101
54314.066988 101
54317.298770 101
54329.542516 100
54349.947095 101
54415.896681 101
54424.696690 101
54427.398356 100
54455.321452 101
54460.837307 101
54463.977928 101
54486.644515 100
54498.279091 100
54510.848958 99
54528.672522 100
54531.993873 101
54544.418748 102
54557.403776 102
54569.955751 101
54606.045288 101
54612.436870 101
54624.625062 101
54633.298391 101
54718.559027 101
54721.925853 102
54812.568502 101
54818.383811 102
54850.368448 102
54855.215516 103
54911.069978 102
54911.848140 103
54932.053214 102
54933.024868 103
54976.572842 103
54985.663034 104
55009.118654 103
55009.570597 103
55085.268353 102
55087.027492 103
55207.507606 103
55208.071241 104
55220.482537 104
55221.981738 105
55252.774927 104
55257.223951 104
55286.823314 103
55289.787293 104
55290.846140 104
55296.614567 104
55332.029985 103
55334.968749 103
55487.051139 102
55518.805035 102
55524.796315 101
55528.160032 101
55532.973723 101
55554.437544 102
55575.838034 102
55578.356496 103
55602.069259 103
55624.554191 104
55626.417681 104
55627.526450 103
55629.114532 103
55636.446907 104
55758.599714 104
55762.549948 105
55787.692091 105
55800.066598 106
55814.941088 106
55818.697010 107
55834.607952 107
55846.046547 107
55850.314392 106
55855.557889 106
55857.195706 107
55858.133173 106
55871.529066 106
55871.573092 106
55891.213750 106
55895.717148 106
55936.769809 106
55945.029598 106
55950.392072 106
55972.906626 107
56043.391362 107
56044.344198 107
56081.991568 106
56086.233452 106
56217.806545 105
56219.143508 105
56239.438086 104
56239.533014 104
56249.964878 104
56270.423322 105
56316.540253 105
56319.096359 106
56370.184022 105
56378.313781 105
56522.727215 105
56528.290789 105
56536.032191 104
56540.277288 104
56605.989511 104
56609.470402 104
56642.607834 104
56676.803806 104
56682.615763 103
56683.144397 104
56736.558339 103
56741.357548 104
56748.980746 103
56750.365014 104
56754.989462 104
56755.881170 105
56757.430985 105
56757.774248 105
56825.172862 104
56852.732626 104
56902.235128 104
56902.997766 104
57074.433711 103
57075.307652 103
57135.745282 102
57147.959824 103
57224.652928 103
57230.828837 103
57236.089608 103
57260.233695 104
57265.401049 105
57270.589312 104
57276.165316 103
57278.323250 102
57283.968226 102
57295.568835 102
57446.320853 101
57449.593084 102
57504.005516 101
57506.041472 102
57532.325567 102
57533.759718 103
57534.528896 103
57542.470577 104
57734.242416 104
57751.347611 105
57796.877747 104
57798.674732 104
57809.437820 105
57827.342006 105
57840.783045 106
57880.902006 106
57884.030226 106
57887.474174 106
57894.446023 107
57909.084110 107
57914.667113 108
57915.752925 107
57930.723326 107
57948.159464 106
57955.072180 105
57961.801234 105
58002.473728 105
58023.652908 106
58055.012945 105
58080.689374 106
58133.743397 106
58147.223903 106
58164.263926 105
58179.269933 106
58183.388536 106
58183.719406 106
58213.344882 105
58221.579218 106
58233.704767 106
58243.948902 107
58261.497548 107
58262.754573 107
58287.299861 107
58303.826960 106
58310.198082 106
58311.848093 107
58403.350645 106
58408.007206 107
58440.786712 107
58451.946515 108
58456.029453 107
58477.395033 108
58563.520800 108
58578.554216 109
58665.219323 108
58668.698948 109
58711.162635 108
58711.683208 109
58714.055959 109
58730.492368 108
58748.876264 109
58758.707382 108
58782.606147 107
58786.255200 108
58852.246353 107
58867.617900 108
58884.717488 108
58884.793359 109
58910.515607 109
58913.958175 109
58915.259914 108
58921.914787 108
58930.065708 108
58943.944103 108
58981.597822 107
58998.326680 107
59003.633820 107
59007.654954 108
59048.248674 108
59049.805806 108
59149.082742 107
59158.371146 107
59158.758388 107
59164.410514 107
59229.903007 106
59231.041388 107
59264.417977 107
59265.165911 107
59280.803676 107
59284.087688 107
59369.709821 107
59373.101697 107
59396.021710 106
59398.560786 107
59466.364547 106
59467.901312 106
59490.250296 106
59498.987330 107
59533.058806 106
59533.938865 107
59570.768494 107
59570.787959 107
59604.837639 107
59605.666411 107
59644.513662 106
59648.835755 106
59691.532428 106
59713.524712 107
59735.840145 106
59752.727371 106
59777.685284 106
59827.041675 106
59837.492830 106
59839.949357 105
59902.925324 104
59910.383012 104
59913.209416 104
59942.390629 104
59978.830228 104
59992.890718 104
60008.136003 103
60013.347990 104
60078.608890 103
60083.293487 104
60087.010770 105
60104.822005 105
60134.504726 104
60149.866047 105
60225.531858 105
60238.094665 106
60241.657575 106
60258.716042 105
60333.242817 104
60348.306231 104
60425.499845 103
60441.046451 103
60492.188484 103
60525.144060 103
60543.552735 102
60545.940282 103
60657.460377 103
60692.462564 103
60703.064773 102
60713.950387 102
60733.249708 101
60734.296487 102
60835.265129 102
60854.887017 103
60890.094037 102
60895.815515 103
60950.645801 103
60971.408314 103
61007.516234 103
61016.315552 103
61017.987825 103
61028.853241 103
61039.745396 103
61044.530699 104
61050.332883 105
61054.625479 104
61080.519906 104
61091.259979 105
61120.458731 104
61136.495466 105
61148.843725 106
61159.436465 106
61162.503661 105
61162.701535 106
61222.364770 105
61225.779782 105
61238.991426 104
61241.114079 104
61275.793378 104
61279.040227 103
61295.444704 103
61301.665720 103
61322.917010 103
61335.036776 103
61346.950405 103
61349.211112 102
61392.711395 102
61404.919629 102
61463.217466 102
61493.390101 102
61561.663054 102
61589.392209 103
61635.834185 102
61644.825630 103
61733.029428 102
61737.710926 103
61854.592103 102
61858.334181 103
61973.800637 102
61978.477649 103
62008.895148 103
62015.857476 103
62029.762605 103
62038.671889 103
62085.300577 103
62090.690856 104
62131.686381 104
62142.143570 105
62145.107889 105
62155.469014 106
62237.765635 106
62250.747672 107
62303.173129 106
62307.462381 106
62329.289893 106
62330.475398 106
62351.727262 105
62357.987824 106
62416.242270 105
62416.394915 105
62446.256688 104
62452.243656 105
62599.556536 105
62604.088115 106
62604.483731 105
62612.403209 106
62621.999558 106
62632.032164 106
62741.921585 105
62748.865512 106
62751.439596 106
62763.336103 107
62780.743172 107
62813.490709 108
63048.570245 108
63049.402288 109
63101.642520 109
63102.931951 110
63200.492234 110
63208.552310 111
63293.473278 110
63295.973469 110
63358.633467 110
63359.500379 111
63427.811159 110
63429.973831 110
63431.378299 110
63436.698033 111
63462.480934 111
63471.753529 111
63484.831113 111
63488.326007 111
63552.341613 110
63554.349964 111
63608.329807 111
63612.619683 111
63625.288915 111
63630.585485 111
63671.191501 111
63679.387271 111
63694.439554 110
63702.638874 110
63704.011364 109
63734.342215 110
63770.422537 110
63772.254326 110
63795.879638 109
63805.882158 109
63840.252096 109
63849.154171 110
64022.717308 109
64035.685484 110
64053.105667 111
64059.326822 110
64067.065788 109
64074.671624 109
64178.197505 108
64184.188317 108
64201.099818 107
64205.818539 108
64273.368732 107
64286.563491 108
64324.691625 107
64329.998095 107
64438.916969 107
64449.270125 108
64449.502005 108
64458.167381 109
64463.700746 108
64466.604099 109
64579.263352 109
64580.040833 109
64740.626695 109
64783.788869 110
64791.680241 111
64794.101177 111
64839.837231 111
64853.933440 111
64857.460078 111
64866.853909 110
64879.663544 110
64892.173616 111
64899.830314 112
64907.706749 113
64922.352521 112
64923.660433 112
64924.199750 111
64925.088530 112
65036.639942 111
65051.869002 112
65076.873139 111
65083.133314 112
65088.395774 113
65088.792833 114
65113.449473 113
65132.457817 114
65133.457308 114
65138.136364 113
65170.624134 113
65178.599511 114
65198.284681 115
65200.884798 114
65220.847577 114
65226.668154 113
65344.434616 112
65348.169881 112
65356.906868 111
65378.369355 111
65382.146970 110
65399.923506 111
65439.265993 110
65441.534288 110
65460.522529 110
65501.831587 110
65517.374762 109
65519.999317 110
65559.862812 109
65566.836501 110
65587.968906 109
65600.756396 110
65676.088675 109
65686.449574 110
65740.144882 110
65741.564162 111
65753.155413 111
65762.585777 111
65770.603185 110
65770.771022 111
65772.275804 111
65776.961639 110
65964.304242 110
65968.481564 110
65992.841131 109
65996.718189 109
66107.701747 109
66133.455526 109
66164.437552 108
66184.274653 108
66201.916706 108
66204.045690 108
66296.070574 107
66300.484079 107
66323.376532 106
66344.330144 106
66349.354316 105
66349.689477 106
66425.242959 105
66434.753634 106
66610.076409 105
66614.489384 105
66639.849847 104
66648.922123 105
66652.021193 104
66652.790077 105
66667.435841 104
66675.636943 105
66700.061591 105
66706.371567 105
66720.807821 104
66723.098639 104
66733.941949 104
66734.635458 105
66804.945997 104
66813.335717 105
66824.896830 105
66832.995952 105
66860.077990 105
66884.495582 106
66930.097396 107
66930.901550 107
66932.326073 107
66938.910901 106
66954.920381 105
66958.121190 105
66985.021352 105
67007.758538 105
67073.893550 104
67079.086879 105
67188.053333 105
67190.611519 105
67281.133843 105
67283.353084 106
67291.902482 106
67298.330706 107
67330.085687 107
67339.718114 107
67444.997849 106
67452.014761 107
67458.118032 107
67460.550950 108
67468.536359 107
67471.318994 108
67555.465135 107
67573.748775 108
67592.057850 107
67593.288831 107
67631.850716 106
67647.671668 106
67654.513460 107
67659.069927 106
67672.414813 106
67704.873797 107
67812.233064 107
67812.340664 108
67824.510994 108
67848.372417 108
67881.480354 107
67885.498175 108
67915.740467 108
67928.147116 109
68106.052458 108
68119.800036 108
68152.024080 107
68157.992981 107
68161.238022 108
68178.370641 107
68180.715052 107
68190.747273 107
68250.120715 107
68265.617037 108
68315.052400 108
68322.599432 109
68388.283517 108
68391.655721 108
68392.979069 109
68397.824764 109
68411.276320 108
68416.351340 109
68480.702345 108
68483.404730 109
68501.727920 108
68509.823661 109
68545.033766 109
68557.599088 109
68585.936981 109
68586.983260 109
68647.575440 108
68647.865208 109
68674.479203 109
68703.508720 109
68704.824742 110
68727.904802 109
68751.143877 109
68765.593366 109
68782.508963 108
68782.858961 109
68794.360265 108
68796.962995 109
68809.142714 109
68814.179005 109
68831.621190 109
68833.083507 109
68896.101652 109
68907.912382 110
68950.776935 109
68956.384084 109
68960.712482 109
68994.436400 109
69004.444057 108
69009.271475 109
69126.128440 108
69139.104666 108
69180.295283 108
69180.771484 108
69205.533701 108
69209.764045 108
69331.715702 107
69349.683337 108
69437.507611 108
69447.400452 109
69447.534608 109
69454.305985 109
69508.958139 109
69521.636955 110
69607.384447 110
69617.200297 111
69691.323005 110
69694.151907 111
69707.545546 111
69716.539125 112
69723.005745 112
69776.075779 113
69845.406566 113
69854.988648 113
69883.554840 113
69886.994174 114
69921.084767 114
69942.846964 114
69943.538532 114
69962.926276 115
70066.589374 114
70070.571369 114
70149.889578 113
70156.692543 113
70161.010937 114
70167.228148 114
70168.747045 113
70173.013308 114
70174.768918 114
70178.627102 115
70181.486726 115
70183.823095 114
70226.869150 113
70245.813271 114
70271.458934 113
70274.069141 114
70279.147834 114
70299.050709 113
70302.858118 112
70326.492060 113
70338.076656 114
70346.292981 115
70347.552517 114
70362.527795 114
70375.068378 115
70376.917579 115
70459.998085 115
70460.302105 115
70469.973876 115
70476.418883 115
70483.044723 115
70490.936055 116
70596.460789 115
70596.836939 115
70679.898825 115
70686.692576 115
70756.500763 115
70759.360767 115
70887.410188 115
70888.051766 116
70969.637060 115
70972.634819 115
71067.083709 115
71081.875287 115
71153.353145 114
71158.224913 115
71201.641344 115
71203.592867 116
71254.492318 115
71257.784524 116
71295.608741 116
71298.883396 117
71303.296113 117
71307.046292 117
71308.760491 117
71314.998105 118
71325.737249 118
71332.835243 119
71338.929981 119
71353.442030 120
71493.681109 120
71494.029218 121
71590.155055 120
71590.937201 121
71664.874175 121
71666.452193 122
71683.930980 122
71691.812030 123
71743.694488 123
71749.953765 124
71771.873486 124
71778.209275 125
71809.982068 125
71814.349181 126
71837.102432 126
71847.923861 126
71851.321175 125
71876.718504 125
71901.692039 124
71914.094875 124
72068.285830 123
72069.273643 123
72091.150453 122
72092.165196 123
72164.917595 123
72167.871692 124
72200.908656 124
72219.284115 124
72274.355247 123
72275.919490 124
72305.900068 124
72308.302840 124
72390.984168 123
72395.561502 124
72395.783547 123
72405.583186 124
72412.174445 124
72412.784162 124
72435.194576 123
72435.860389 123
72475.775094 123
72481.089193 123
72503.311509 123
72516.693573 123
72518.529942 124
72525.162425 124
72722.330016 123
72729.155408 124
72799.086921 124
72801.346171 125
72902.806873 124
72920.078475 124
73055.076592 123
73056.623743 124
73057.999085 124
73060.688970 125
73063.261985 125
73068.483087 126
73087.628490 125
73111.350863 124
73174.424701 123
73182.797522 123
73200.822148 122
73201.963387 123
73202.237714 123
73207.652052 124
73218.990901 123
73226.516777 124
73379.056023 123
73379.254902 123
73427.092499 123
73427.224534 123
73458.962885 123
73465.139536 123
73476.878905 123
73500.908314 123
73533.642736 122
73546.789719 123
73549.466933 124
73554.155358 123
73721.064356 122
73741.061022 122
73852.528132 121
73852.721254 121
73962.262203 121
73964.718198 122
74014.783223 121
74021.727501 122
74127.151544 121
74131.748139 121
74183.240949 120
74185.676610 120
74254.661898 119
74265.951037 120
74268.627580 121
74271.336902 120
74283.306374 120
74325.424811 121
74408.366668 120
74415.606495 120
74569.985125 120
74574.209080 120
74577.936478 119
74581.808245 120
74601.205330 119
74603.963736 120
74657.059142 120
74658.806518 121
74755.786968 121
74782.598496 121
74865.646349 120
74876.031213 121
74890.494888 121
74891.804535 122
75035.377685 122
75036.001551 123
75314.382322 122
75332.043969 123
75335.730872 124
75345.389489 124
75386.006519 124
75400.842241 125
75443.259338 125
75449.553103 126
75530.812547 126
75533.436677 126
75554.341299 125
75562.458676 126
75608.351778 125
75614.988507 126
75726.673425 126
75730.237402 126
75732.962675 125
75739.817636 125
75760.768450 125
75764.072333 125
75767.689608 125
75777.227352 124
75799.386008 125
75801.753077 125
75825.974166 125
75830.746350 126
75844.059692 126
75850.701018 127
75853.723129 127
75861.690357 126
75867.429540 126
75886.871011 127
75888.666666 128
75892.670731 128
75942.455105 127
75951.488843 127
75993.272758 127
75993.894521 127
76023.891169 127
76025.749549 127
76055.919064 127
76066.515449 128
76149.373380 128
76165.072686 128
76230.047126 128
76230.804958 129
76286.250788 129
76289.971378 129
76291.319258 130
76297.900026 130
76335.919844 130
76337.496485 130
76402.947110 129
76409.142752 129
76411.733528 128
76422.582181 129
76519.184029 129
76556.633359 130
76557.020587 129
76559.740206 130
76737.707923 130
76756.976376 130
76837.293098 129
76838.275187 130
76975.416403 129
76980.918097 129
77074.724270 129
77075.156702 129
77077.480294 130
77079.807431 130
77085.168899 131
77122.163614 130
77124.109982 131
77127.862784 130
77178.838644 130
77179.948437 130
77223.253852 130
77224.212189 131
77276.978583 131
77288.673127 132
77301.136017 132
77302.020596 131
77353.807875 130
77360.135025 131
77406.713856 131
77415.726893 131
77539.941644 130
77548.260735 131
77550.735585 130
77552.893623 130
77786.075563 130
77788.675772 131
77814.197046 131
77824.000901 131
77827.970985 131
77829.819600 131
77919.492527 131
77924.353843 132
77927.748066 132
77931.462649 132
77934.885606 132
77944.035119 132
77945.059717 132
77949.596802 132
78137.217868 132
78155.597822 132
78196.062103 131
78216.564547 131
78305.730063 130
78308.773045 130
78389.342733 130
78392.389409 130
78424.082306 129
78437.043707 129
78441.625949 130
78445.403962 130
78488.592281 130
78511.635578 130
78544.363632 130
78546.663774 131
78593.486390 131
78593.571078 132
78596.905955 131
78608.595411 132
78651.881670 131
78652.610886 132
78740.018594 131
78743.535033 132
78763.273662 131
78774.178458 132
78817.424142 132
78830.914999 133
78922.851191 133
78924.583187 134
78946.241632 133
78960.276604 134
79044.270658 134
79045.282846 134
79125.042951 133
79142.506683 133
79144.411279 133
79165.175726 132
79184.666768 131
79184.829603 131
79205.995167 131
79215.001059 131
79321.945444 130
79322.391355 131
79382.627713 130
79385.769877 131
79387.218648 131
79406.014668 132
79488.713369 131
79505.714840 132
79582.012163 132
79595.386584 133
79595.429225 133
79596.298971 132
79604.857822 132
79619.459667 132
79664.550350 131
79666.642291 132
79669.237758 133
79678.651602 133
79685.644966 134
79694.810899 134
79710.921307 133
79740.923373 133
79779.626628 132
79784.753162 132
79792.532766 131
79794.589881 131
79795.397894 131
79798.315162 131
79909.499869 130
79921.771146 131
79938.622371 131
79944.708997 131
79989.185001 131
79991.261320 132
79992.827484 133
80017.421782 134
80018.797651 134
80020.003530 134
80058.794985 133
80058.975159 133
80061.288759 134
80064.358217 133
80099.189310 134
80101.347846 134
80110.764965 133
80121.786438 134
80129.374293 135
80130.052607 135
80134.020920 135
80145.601311 135
80148.890882 134
80152.282068 134
80158.534242 134
80161.332103 133
80165.786891 133
80175.037058 133
80205.994065 132
80207.511876 131
80287.121344 131
80292.177024 131
80355.630888 130
80364.113698 131
80399.810752 130
80406.988911 131
80553.282243 130
80568.879441 131
80584.664511 132
80601.301241 132
80643.633727 131
80645.996862 131
80656.551112 132
80659.064290 132
80757.919470 131
80770.830318 132
81022.212704 131
81031.654911 132
81032.196448 132
81050.208593 132
81094.224435 131
81108.820464 131
81113.253689 131
81124.549014 132
81127.075834 131
81128.937035 131
81156.320205 130
81157.037204 131
81217.073007 131
81223.103306 131
81269.042797 130
81269.427646 131
81280.366838 132
81286.072841 132
81369.251224 132
81370.846237 133
81498.465596 133
81504.930220 133
81531.660386 132
81541.870520 132
81542.051170 131
81556.902227 132
81628.595057 131
81636.615618 131
81682.800803 130
81683.535322 131
81892.598042 130
81901.028274 131
81996.363126 130
81998.973950 130
82001.453998 130
82008.168651 130
82013.066465 130
82018.727743 130
82067.652175 130
82070.259156 131
82092.966980 131
82095.974874 131
82098.209841 130
82103.793654 131
82120.450078 132
82120.641346 132
82128.027904 133
82131.194947 133
82134.712581 132
82150.679153 133
82165.956144 133
82166.200473 133
82221.975494 133
82223.999752 134
82248.327133 134
82261.022080 135
82331.982276 135
82338.273367 135
82360.617276 135
82372.700415 135
82521.688053 135
82523.954619 136
82532.838782 135
82550.225574 135
82605.597319 134
82610.251238 135
82675.170723 135
82677.207997 136
82691.066532 136
82696.745728 136
82699.823620 136
82700.591327 136
82712.097247 135
82716.007108 135
82741.824899 135
82742.889270 134
82786.578682 134
82810.893594 134
82897.147020 133
82905.845094 133
82911.402246 134
82924.448166 133
82977.229984 133
82980.171663 134
83005.891479 133
83015.715660 134
83043.856041 135
83047.555789 134
83106.156537 134
83111.137889 134
83232.701306 134
83247.404420 135
83381.005567 134
83381.502042 134
83392.200870 134
83392.478524 135
83425.054414 134
83437.461237 135
83502.574705 135
83509.283135 135
83527.498490 134
83533.137502 135
83538.356911 135
83542.291060 135
83557.559528 135
83566.444907 135
83571.190862 135
83572.288533 136
83602.119021 136
83611.647060 136
83674.441298 136
83676.133204 137
83728.805812 136
83734.410180 137
83740.694780 136
83763.040755 137
83835.844037 136
83837.454999 136
83885.348559 136
83893.572184 137
83895.004577 136
83895.823630 137
83909.406780 137
83913.542337 138
84083.406911 138
84104.294713 138
84139.111295 137
84139.239776 138
84185.234124 137
84197.819086 137
84199.110780 136
84203.524075 136
84208.829948 137
84210.888276 137
84221.901079 136
84225.943504 136
84231.139263 137
84254.250491 137
84353.985976 136
84368.294797 137
84368.738909 136
84376.787371 136
84471.653780 135
84473.951410 136
84592.454874 135
84611.196486 136
84831.187744 136
84842.978281 136
84900.331437 135
84901.964399 136
84998.185309 136
85004.901257 137
85006.098305 137
85014.433169 136
85051.009831 135
85059.008791 135
85065.209117 134
85074.488791 135
85107.959551 134
85113.081930 134
85160.200180 134
85174.304213 135
85287.190646 134
85287.523672 134
85331.771229 134
85338.913725 135
85341.662942 134
85342.019115 134
85381.221598 134
85383.937088 134
85390.184144 133
85391.431683 133
85394.623992 134
85403.897577 135
85416.704358 134
85418.880035 133
85425.737259 132
85427.965333 133
85474.618623 133
85477.096422 133
85483.960860 132
85486.300494 133
85573.539941 132
85576.352316 133
85612.984086 133
85641.560590 134
85645.423665 134
85652.840191 134
85666.500826 134
85692.485340 134
85710.062841 134
85718.748885 135
85802.995646 135
85810.805791 136
85974.885856 135
85982.079238 135
86001.951285 135
86005.227300 136
86012.714733 135
86020.038160 135
86081.736404 134
86095.373102 135
86163.690239 135
86198.962843 136
86239.935384 135
86245.476035 136
86306.775925 136
86309.479162 137
86367.634459 136
86380.776554 137
86401.439490 137
86417.475967 137
86424.138765 136
86428.539331 137
86460.325677 136
86526.474020 136
86526.639122 136
86554.867079 136
86595.125103 136
86596.489005 137
86622.064679 138
86635.532969 138
86700.567350 138
86705.712060 139
86853.573049 138
86860.465882 138
86860.960042 137
86867.115066 138
86878.444455 137
86898.200231 137
87085.537705 136
87103.424165 137
87279.660955 136
87292.497569 136
87324.609339 136
87329.628699 136
87336.477477 136
87350.804202 136
87359.839305 135
87362.399279 136
87413.290511 136
87415.267866 136
87469.756160 136
87471.615057 136
87549.725501 136
87559.199467 137
87584.563050 136
87588.208830 137
87667.482535 137
87676.489903 137
87762.042428 136
87766.770746 137
87938.255511 137
87941.356111 137
87991.954111 136
87992.034899 136
88000.627210 135
88009.987085 135
88015.927079 135
88023.031741 134
88023.702173 135
88026.668214 136
88033.346012 135
88039.839872 135
88060.308147 135
88061.801583 135
88114.944499 136
88129.582382 136
88164.984949 136
88166.046250 137
88241.481743 137
88249.901849 137
88334.224182 136
88353.102727 137
88386.025610 136
88392.189793 136
88409.158912 135
88412.367922 135
88424.612125 135
88434.114825 136
88436.033128 137
88446.423255 137
88496.971274 136
88497.605411 137
88547.611757 137
88548.734143 137
88556.793841 138
88564.529263 138
88650.152933 137
88652.956462 138
88671.147695 138
88685.215147 138
88686.076958 137
88691.286220 138
88725.476951 137
88732.201642 137
88761.414176 137
88762.501830 138
88777.051999 137
88781.605571 138
88882.601379 138
88886.720803 138
88890.928026 138
88899.632380 139
88900.379706 138
88906.802058 137
88922.518135 137
88930.022183 138
88943.384528 137
88950.211326 138
89000.279376 138
89004.253102 139
89010.072113 139
89011.524789 139
89020.446550 138
89021.672564 139
89042.493416 139
89054.257118 139
89083.117714 139
89085.180067 139
89213.205882 139
89216.787668 139
89312.431564 139
89319.783513 140
89429.416374 139
89438.623517 139
89493.593478 138
89508.387268 138
89515.929551 137
89520.152914 137
89525.043345 138
89537.068036 138
89638.110897 138
89639.505890 138
89649.030316 138
89649.816464 138
89706.562022 137
89707.129041 138
89738.696277 138
89752.035185 137
89766.721249 137
89774.468791 138
89783.745061 139
89790.055504 139
89805.766396 139
89813.487703 139
89815.834488 139
89828.289835 140
89943.570927 140
89943.720660 141
89945.037280 141
89952.807681 140
89957.671985 140
89960.957983 140
90032.813522 140
90040.507173 140
90087.251808 140
90094.829795 140
90197.369494 140
90201.173786 141
90361.958462 141
90401.064291 142
90444.597577 141
90445.951522 141
90642.081492 140
90653.131153 141
90691.595780 141
90698.869824 142
90816.333173 141
90842.666010 141
90896.127547 140
90896.668342 140
90916.095388 139
90920.146278 140
90925.754773 140
90936.367511 140
90939.307809 140
90943.763575 139
91007.375679 139
91012.485730 139
91069.037812 138
91077.794104 139
91151.640746 138
91161.762105 138
91167.830065 138
91171.739339 138
91176.181515 138
91207.180303 138
91220.354419 137
91226.082351 138
91282.751782 137
91286.639771 137
91308.870205 136
91309.862476 137
91320.281617 136
91329.489310 137
91402.114386 137
91414.348596 138
91433.334855 138
91437.955699 137
91448.648418 137
91449.582400 137
91612.384347 137
91612.623287 138
91694.639804 138
91696.606880 139
91699.581608 140
91703.861308 139
91813.012023 138
91838.232486 138
91849.499377 139
91852.762850 139
91856.655650 140
91859.818004 140
91875.014165 140
91879.925156 141
91897.428382 140
91901.317349 141
92062.313592 140
92063.138631 141
92064.559514 142
92073.074892 142
92143.266151 142
92146.075692 142
92149.795375 141
92158.684245 141
92203.956531 141
92220.414444 142
92221.501878 143
92229.172316 143
92286.662569 143
92295.304389 144
92304.177793 143
92305.831226 143
92311.976272 142
92313.823230 143
92366.187099 142
92367.738500 142
92380.216037 143
92388.881723 144
92400.674793 144
92410.949193 144
92445.376774 143
92449.360900 144
92468.014372 143
92482.584689 144
92496.527473 143
92497.572037 144
92515.359328 143
92533.425686 144
92611.016256 143
92622.860556 144
92633.114456 143
92634.470512 144
92643.044644 143
92646.107656 143
92682.192179 143
92684.942541 144
92699.128119 144
92704.317780 145
92718.369995 144
92726.174132 145
92732.361081 144
92735.093361 144
92768.459564 144
92783.244610 144
92789.040811 144
92790.598542 143
92793.009032 143
92808.103104 143
92884.819285 142
92890.226179 143
92892.248403 143
92905.330138 144
92973.375951 143
92987.974996 143
93007.153608 142
93010.360305 142
93161.187044 141
93182.189999 141
93200.996314 142
93201.360280 142
93560.300824 142
93564.186759 143
93586.086158 143
93589.936411 144
93675.473918 143
93676.419255 144
93736.636656 143
93741.513109 144
93801.307532 144
93808.862179 145
93813.761097 144
93816.933751 144
93817.202338 143
93821.395942 143
93867.762165 143
93868.312651 144
93876.759164 145
93893.015715 144
93921.038092 143
93935.031009 144
93935.857015 145
93949.397726 145
93972.407486 144
93977.840963 144
93994.384172 144
94021.755369 145
94112.098838 144
94114.374311 145
94114.527363 145
94117.156222 146
94315.557342 145
94316.385366 145
94420.994573 144
94441.231597 144
94496.114186 143
94497.645717 143
94506.612473 142
94515.303752 143
94534.883084 143
94537.064245 142
94605.333817 142
94606.381037 143
94645.168740 142
94649.470565 143
94732.275214 142
94736.111485 142
94748.425700 142
94752.769140 143
94757.841979 144
94763.083607 144
94799.648180 144
94804.443271 145
94922.261970 144
94944.957664 145
94978.727987 144
94981.378832 144
95131.236008 144
95137.864301 144
95139.999964 143
95145.927058 143
95154.407582 142
95155.960182 143
95169.612353 143
95173.207473 144
95187.268309 145
95189.505105 144
95197.989629 144
95206.416563 144
95234.354137 143
95242.896917 144
95243.929710 143
95255.179762 144
95272.220615 143
95291.466411 144
95319.116761 143
95323.708672 144
95370.511666 143
95373.410806 144
95419.579941 143
95419.985283 143
95509.915702 142
95520.763555 142
95522.246353 142
95524.503488 141
95529.006834 141
95542.968169 141
95645.713679 141
95662.045551 141
95701.897884 140
95707.043083 140
95730.876389 139
95732.692221 140
95753.937333 139
95754.735110 139
95764.419938 138
95774.705940 139
95781.370237 140
95787.061239 140
95976.337294 140
95978.427748 140
95986.442860 141
95997.154982 141
96036.560796 141
96047.122220 141
96066.549822 140
96068.556928 141
96076.310584 141
96081.110796 142
96122.585862 141
96124.959300 142
96134.926225 142
96139.634392 143
96163.986438 142
96176.035938 142
96190.102420 141
96209.651054 142
96390.907435 142
96394.886740 143
96625.847668 143
96631.894476 144
96706.390902 144
96709.358961 145
96714.116407 145
96720.958341 146
96791.784475 145
96798.014918 146
96989.780099 145
96990.996447 146
97035.194185 145
97038.465058 145
97044.505914 144
97048.426672 145
97089.828167 144
97097.564466 144
97142.335638 144
97146.951140 144
97154.245567 144
97159.091734 144
97324.262367 144
97336.876148 144
97340.089799 144
97346.660087 145
97390.925963 145
97392.225318 146
97395.933838 147
97404.998839 147
97458.073634 146
97458.976632 147
97477.544678 146
97478.309996 146
97522.906050 145
97531.676455 145
97681.964527 144
97689.805710 145
97761.170630 144
97780.076410 145
97872.321616 145
97876.061977 145
97898.558303 144
97900.705766 144
97907.743009 143
97962.013037 144
98023.696324 144
98036.080665 145
98096.834568 145
98115.135117 146
98181.576389 145
98181.827548 145
98202.763861 146
98232.890412 146
98254.944812 145
98286.579871 145
98517.468282 144
98526.971160 145
98657.453131 144
98659.962790 144
98670.088876 144
98702.393217 145
98707.890819 146
98714.539207 145
98792.546204 144
98793.960581 145
98813.792512 145
98820.173329 144
98853.117683 143
98864.451126 143
98904.673105 143
98915.176844 144
98918.860652 144
98924.779617 144
98983.996713 143
98992.770102 143
99051.530207 143
99062.108163 143
99062.217628 143
99070.622883 142
99163.595575 142
99166.277178 142
99173.547587 142
99176.555635 143
99192.817328 142
99195.558877 142
99198.261558 142
99198.955158 141
99264.493272 141
99272.776016 142
99310.042323 142
99310.333672 143
99473.429040 142
99489.551454 143
99509.322231 143
99517.977907 144
99562.446172 144
99564.097373 145
99622.217449 145
99623.121804 146
99714.938360 145
99715.392614 145
99742.354042 144
99748.023027 144
99767.863612 144
99791.389507 144
99839.875014 144
99843.728595 144
99941.728328 144
99942.465500 145
100000.000000 145
