# t N
105.234920 0
106.749282 1
254.239085 0
259.038311 1
313.136513 0
344.226702 1
353.763336 1
355.348478 2
498.090219 1
515.963081 2
519.429391 2
526.073075 1
647.953576 1
665.694927 2
674.120415 3
682.070253 2
686.299997 2
700.515208 2
747.042871 2
757.113638 2
763.644152 2
767.411896 2
797.165278 2
800.385768 2
852.870126 2
853.080700 3
857.054928 3
861.449154 3
868.890849 3
875.286307 3
875.730899 2
876.891804 2
878.156388 1
878.418474 2
887.978519 1
912.171762 2
930.241014 1
942.858283 2
1048.317601 2
1049.929649 2
1059.136545 3
1072.689623 2
1123.378805 2
1126.169265 3
1295.716779 2
1313.335478 3
1350.530585 2
1377.128691 3
1382.326415 4
1386.776687 3
1421.129093 2
1422.661379 2
1427.320317 2
1428.872208 2
1455.595658 2
1459.711845 2
1592.389114 2
1594.769151 2
1600.706463 2
1607.090289 1
1637.481675 0
1641.645645 1
1884.510798 0
1895.926467 1
2205.070668 0
2210.920755 1
2222.873815 1
2240.906724 1
2319.126201 0
2320.975543 1
2334.845251 1
2339.026138 2
2426.046105 2
2431.579229 3
2517.466520 2
2526.342820 2
2527.022083 3
2529.721738 3
2558.817145 3
2564.155807 3
2572.222332 3
2579.902681 3
2645.852976 3
2647.129792 4
2665.782441 4
2671.796615 4
2712.048804 3
2712.759835 3
2847.056311 3
2850.451991 4
2939.889032 4
2941.533917 4
2959.074035 5
2960.434907 4
3127.347635 4
3130.536453 5
3192.658910 4
3210.842243 4
3236.487183 3
3238.465981 3
3245.914870 2
3253.610752 3
3518.208724 2
3523.784982 2
3797.277623 1
3797.648431 2
3928.544042 2
3935.177035 2
4036.281835 1
4047.016092 1
4132.592442 0
4142.267137 1
4174.957448 0
4195.868161 1
4263.463675 0
4268.305176 1
4339.336608 1
4342.835618 1
4386.533654 0
4392.756636 1
4557.372269 0
4564.453496 1
4667.218937 0
4671.163925 1
4821.777172 0
4823.639029 1
5550.041120 0
5556.755020 1
5578.420419 1
5585.117247 1
5707.415621 1
5724.981259 2
5779.228844 1
5784.750315 1
5804.936990 1
5817.239607 2
5905.247946 2
5913.779340 2
5928.181845 2
5937.709513 2
5939.196884 2
5940.525702 2
5965.612182 1
5981.269938 2
6031.197262 2
6044.592653 2
6109.777571 2
6119.120928 2
6124.341432 2
6141.705739 3
6142.718593 4
6144.868047 3
6237.965923 3
6239.991792 3
6303.034248 3
6324.569671 3
6326.348090 2
6331.389424 3
6333.201572 2
6335.939965 2
6416.041101 2
6430.171039 2
6545.562656 2
6560.833385 2
6566.392542 2
6585.340062 3
6611.905308 4
6615.618099 4
6731.895836 3
6733.589151 4
6743.404041 4
6750.572740 4
6770.372025 3
6783.392582 4
6933.370394 4
6945.628516 4
7019.082014 4
7023.535990 5
7060.607513 5
7102.831273 5
7104.125493 5
7106.291468 5
7111.149717 5
7113.613136 5
7133.842119 4
7145.059375 4
7234.161232 4
7237.615463 4
7281.549080 3
7304.606613 4
7482.187870 3
7486.092586 4
7662.453952 3
7698.117273 4
7757.904793 4
7759.198128 4
7773.266256 4
7791.367161 5
7827.593300 4
7831.302123 4
8014.730122 3
8027.796676 3
8081.031384 3
8089.658910 3
8096.853523 2
8103.945093 2
8379.241691 1
8380.411485 2
8550.724602 2
8568.775937 3
8609.908599 2
8616.077705 3
8647.108732 3
8655.985542 4
8767.361859 3
8807.737684 4
8895.967970 3
8896.053383 3
8927.204133 3
8937.771043 3
9005.624300 3
9008.489058 4
9035.574774 3
9038.311100 3
9091.656827 2
9106.603611 3
9155.844083 3
9168.134351 4
9169.557196 5
9171.260360 6
9174.494361 7
9175.053316 7
9221.565024 6
9222.592053 5
9228.157635 5
9236.750694 5
9237.325794 5
9247.301610 6
9251.172707 5
9261.812022 4
9327.988187 3
9331.708593 4
9363.225224 3
9366.512877 4
9409.809175 4
9414.242162 4
9437.628549 3
9439.836187 4
9467.847848 4
9480.582459 4
9489.756081 4
9494.035445 5
9495.751225 4
9496.644783 4
9509.352762 3
9511.777869 4
9626.214185 4
9635.452570 4
9679.708281 4
9680.411223 4
9709.276916 3
9721.191442 4
9787.830666 3
9790.694870 3
9872.606902 2
9879.170583 2
9903.329304 3
9908.263400 3
9925.976537 3
9926.746778 4
9952.274541 3
9958.243803 4
9969.159817 3
9972.628518 3
9985.190018 2
9990.581772 3
9992.223528 3
9998.216849 3
10131.520205 3
10131.999843 4
10161.872747 4
10162.869021 5
10252.552382 5
10253.666546 5
10257.665765 6
10265.352070 6
10375.970629 6
10387.261751 6
10456.805597 5
10477.552450 5
10600.731511 4
10605.389136 5
10676.648806 5
10677.245820 6
10715.224283 5
10731.113617 5
10749.023524 5
10756.254647 5
10838.423426 4
10848.027655 5
10902.747817 4
10915.157576 4
11232.071307 3
11233.932686 4
11309.867637 3
11320.229118 3
11370.807440 3
11406.471514 4
11406.973318 4
11408.743954 3
11455.666012 2
11457.274726 2
11535.864263 1
11538.760710 2
11558.160502 1
11562.220042 2
11568.099691 1
11580.770700 2
11666.065813 1
11681.216590 2
11699.619623 3
11700.749866 3
11758.371740 3
11762.428959 4
11772.171099 3
11780.990120 3
11849.362491 2
11849.694927 3
11888.071478 2
11890.533711 2
12000.032108 1
12003.814634 1
12006.803539 1
12011.055162 2
12055.824513 2
12056.009387 3
12092.870704 2
12093.884830 2
12139.909093 1
12142.687907 1
12142.753830 1
12146.189302 1
12362.462592 1
12370.595585 1
12405.191379 1
12410.068930 2
12419.335260 1
12425.072712 1
12442.565051 0
12445.507232 1
12828.743077 0
12838.747529 1
12976.615979 1
13027.290771 2
13028.914615 1
13041.917785 2
13069.649971 2
13075.851738 3
13197.956370 3
13202.074736 3
13238.839267 2
13241.242216 3
13317.813702 3
13320.590777 4
13322.517169 4
13333.555274 3
13360.284837 2
13376.634575 2
13379.302668 2
13394.356496 3
13410.191837 2
13432.738655 3
13487.642985 3
13493.245578 4
13507.222794 3
13532.230881 3
13674.292259 2
13683.129346 3
13818.065300 3
13825.747882 3
14091.050633 2
14098.101138 3
14210.506142 3
14217.090267 4
14411.462504 4
14424.547575 4
14466.792913 4
14492.072609 4
14609.335341 4
14611.810285 4
14818.847583 3
14825.773213 3
14852.778109 3
14857.185007 3
14946.245530 3
14971.520471 3
15142.139093 2
15163.849937 2
15291.793513 2
15299.847006 3
15392.193278 2
15412.578389 3
15447.563677 3
15460.600096 3
15511.160462 3
15520.317165 3
15530.098150 4
15572.295220 3
15708.195617 3
15708.429413 3
15856.286267 3
15866.143115 4
15894.791810 3
15903.890476 4
15905.264149 4
15910.537503 5
15911.086972 4
15923.183237 4
15960.564954 3
15963.297465 4
15963.561567 5
15973.218790 5
15973.559603 4
15977.440641 4
16057.826299 4
16059.184005 5
16175.172900 4
16177.759528 4
16213.905704 3
16216.284411 3
16316.519037 2
16320.222121 3
16545.668089 2
16546.684562 2
16584.632205 2
16586.508908 3
16592.459354 2
16631.715709 2
16799.400742 1
16812.954556 2
16877.342497 1
16893.670571 1
16943.763141 1
16954.684617 2
16972.352317 3
16978.739619 2
17013.307664 2
17017.523244 3
17026.856558 3
17043.313003 3
17065.175963 2
17068.156394 3
17083.313504 2
17085.289305 2
17114.820234 2
17121.892495 2
17306.965619 1
17331.280186 2
17366.327524 1
17374.574130 1
17407.623393 1
17418.331692 2
17492.578007 2
17493.491548 2
17518.027017 2
17518.932660 3
17540.941717 3
17546.561007 4
17601.074401 4
17606.555510 4
17611.599095 5
17616.279197 5
17630.805096 5
17638.647214 5
17701.574709 4
17702.917473 5
17795.998396 5
17801.677798 5
17805.496145 5
17851.521935 4
17898.719194 4
17904.201179 4
17947.420850 4
17948.868733 4
17952.758283 4
17964.277399 5
17995.979097 5
18012.558937 6
18053.841143 5
18060.088140 5
18069.411428 4
18075.308683 4
18110.093947 3
18127.183414 3
18216.763589 3
18218.305005 4
18373.640858 3
18374.547444 3
18442.573732 2
18448.225604 2
18459.648959 1
18461.412125 2
18462.840157 2
18501.764520 3
18542.264735 2
18542.530200 3
18546.917238 4
18551.081252 3
18569.003496 3
18573.273449 3
18573.315028 3
18590.088225 3
18641.551490 3
18651.304707 3
18697.179986 2
18716.796929 2
18777.006374 1
18779.501055 1
18935.820265 1
18937.783942 1
19030.927446 1
19044.028753 1
19104.919091 1
19107.611846 1
19182.249027 0
19186.683249 1
19196.474111 1
19199.580471 1
19216.491707 1
19239.295786 2
19287.204543 2
19290.721190 2
19341.227634 1
19366.521219 2
19383.777659 1
19391.656251 1
19426.142479 1
19438.592365 1
19503.246806 0
19511.602606 1
19574.736394 1
19578.669503 1
19580.200064 2
19586.746532 1
19593.289175 1
19595.722123 2
19801.262903 1
19815.929457 2
19958.224175 1
19959.857785 1
19961.383633 1
19963.333578 1
19986.278818 0
20007.495002 1
20065.491591 1
20081.307717 1
20084.651265 1
20089.786910 1
20191.397023 0
20199.579293 1
20286.552655 0
20301.440216 1
20303.768625 1
20306.976703 2
20337.792749 2
20338.193073 3
20472.523459 2
20487.044009 3
20494.655593 3
20499.736377 2
20531.968305 2
20532.387505 2
20550.003376 2
20552.197151 3
20570.765425 2
20572.003913 3
20804.913134 3
20805.548404 4
20835.174333 3
20840.723547 3
20850.175605 2
20868.541137 3
20875.736805 2
20882.412834 2
20928.487824 1
20941.441256 2
20998.753212 1
21005.377457 2
21041.464530 1
21042.633896 2
21104.392899 1
21133.121231 2
21171.635006 2
21177.394429 2
21199.510354 1
21217.634058 1
21314.373196 0
21326.572254 1
21342.966914 0
21345.985917 1
21354.460496 0
21381.632101 1
21475.377493 0
21485.370216 1
21513.888174 0
21513.964066 1
21546.827521 0
21550.750533 1
21576.501064 1
21578.561243 2
21579.500723 2
21585.710296 2
21623.917512 1
21629.044963 1
21697.942384 0
21705.623668 1
21741.701888 1
21742.016591 2
21768.689686 2
21774.880320 2
21835.139747 1
21854.406992 2
21891.468042 1
21891.891807 2
21918.356330 2
21921.524231 2
21927.679406 3
21935.368386 3
21954.582269 3
21958.958753 3
21996.291066 3
22013.857375 3
22022.098733 4
22032.114299 4
22079.947591 3
22085.217709 4
22124.395224 3
22134.439876 3
22148.656664 4
22149.757162 4
22172.509857 3
22178.613063 3
22185.961700 3
22187.657925 3
22196.665810 4
22212.980274 5
22217.440349 5
22221.276302 4
22229.364894 4
22252.619949 4
22313.104369 3
22317.876789 3
22336.481937 3
22350.087599 3
22375.436152 2
22378.621017 2
22488.102979 1
22493.790173 2
22531.350990 2
22554.318964 2
22570.005357 1
22583.876264 2
22584.305632 1
22590.457068 2
22634.209308 2
22642.477450 3
22735.719819 3
22739.384024 3
22765.439132 3
22774.983491 3
22808.901845 3
22818.886735 4
22831.092681 4
22884.462605 4
22913.517511 3
22918.600627 4
23028.056944 4
23028.578875 5
23029.011921 5
23071.038734 5
23163.396765 5
23170.672379 6
23230.018038 6
23235.807196 6
23283.696572 5
23292.608440 6
23296.066977 6
23323.088025 6
23444.215885 5
23462.383340 5
23518.701674 5
23524.208817 5
23526.813107 4
23532.419280 5
23537.199233 6
23546.342100 6
23548.653288 6
23552.459964 6
23571.066301 5
23574.016688 5
23588.198090 5
23596.452987 5
23689.932860 5
23691.244749 5
23693.958917 5
23695.528976 6
23751.743009 6
23764.806696 7
23793.547203 6
23796.666255 7
23875.675567 6
23877.577511 6
23908.400494 5
23915.739722 5
23947.288922 5
23961.195756 6
23966.423482 6
23968.874051 6
23972.863512 6
23987.635261 6
23993.659688 7
23994.975938 8
24004.622435 8
24012.471114 7
24013.908610 7
24014.096456 7
24062.549031 6
24073.754165 6
24096.527453 6
24106.256637 6
24110.219780 6
24115.084527 6
24116.356217 6
24118.799981 5
24134.541853 5
24143.263918 5
24144.276537 5
24156.464578 5
24200.480281 4
24215.950356 4
24235.916800 4
24236.845965 5
24264.820114 4
24265.394308 4
24343.645531 3
24352.885502 4
24366.960452 4
24376.358512 4
24397.716523 3
24399.997783 3
24405.398198 3
24414.437342 3
24468.315179 2
24474.608521 2
24482.005921 3
24482.850945 2
24550.722543 2
24560.585799 3
24568.909683 2
24578.056883 3
24578.455053 3
24582.459511 3
24594.567135 3
24620.507494 3
24638.312426 2
24658.633929 2
24670.512739 1
24677.731257 2
24746.234013 1
24756.901973 2
24802.472379 2
24807.028494 2
24809.260927 3
24817.856736 2
25022.708152 1
25024.840216 1
25078.460779 1
25082.408542 1
25442.938441 0
25446.687960 1
25690.745199 1
25714.270625 2
25723.178226 1
25729.690351 2
25798.602477 2
25798.742466 3
26031.805258 2
26047.815401 3
26144.024185 3
26144.971910 4
26159.387758 3
26172.450738 4
26185.228052 5
26195.115587 6
26200.631909 6
26203.545661 5
26213.362388 5
26237.485102 6
26503.606897 5
26511.770892 6
26570.571227 5
26574.945734 6
26589.962633 6
26596.305239 6
26666.689223 5
26687.353186 6
26702.196222 5
26702.952830 6
26732.600521 6
26742.003107 7
26803.244516 7
26804.904927 7
26822.562226 7
26825.891421 7
26870.161531 6
26886.417525 7
26992.741500 6
26998.488668 7
27000.478664 6
27005.829648 7
27022.834905 6
27034.631171 7
27057.826340 7
27069.677569 8
27096.057627 7
27097.756269 7
27157.922488 6
27168.257651 6
27267.965651 5
27273.983463 6
27278.053182 6
27289.513713 7
27351.846773 7
27375.498413 8
27399.025709 7
27433.440245 7
27434.639985 7
27436.623024 8
27441.019815 7
27453.007870 8
27484.559785 8
27485.517425 8
27507.194594 8
27525.286609 8
27543.096709 8
27551.808207 9
27563.093047 8
27578.441085 9
27617.946486 9
27623.997970 9
27636.031656 9
27641.759061 9
27642.631213 8
27654.452110 9
27658.691748 9
27659.936868 10
27695.506276 10
27700.187937 10
27739.248037 9
27741.574738 9
27954.636042 9
27959.206435 9
28029.604931 9
28048.516508 9
28105.895829 9
28127.191726 9
28127.362639 10
28144.285694 9
28148.632409 10
28154.505458 10
28167.274748 9
28174.072432 9
28292.790011 8
28294.194588 8
28363.967088 7
28365.143389 8
28413.370293 7
28419.703082 7
28505.268175 6
28509.425205 6
28617.379657 5
28617.650485 6
28729.515322 6
28745.701224 7
28783.156026 6
28798.388650 7
28814.565906 7
28815.944763 8
28851.507076 8
28864.922196 9
28873.973789 9
28876.825522 9
28923.984003 9
28929.008552 10
28931.013172 10
28944.830238 10
28975.497103 9
28977.342143 9
28994.828685 9
29002.976188 8
29005.624495 9
29019.046233 8
29021.379392 8
29033.943289 7
29100.794436 7
29110.923358 7
29121.424695 6
29150.528822 6
29239.967547 6
29240.957807 7
29245.357216 7
29251.481317 8
29294.570728 8
29307.339568 8
29336.551028 7
29339.169421 8
29412.400125 8
29433.342626 9
29742.011864 9
29751.769202 10
29754.338441 10
29756.001380 10
29761.023941 9
29776.535108 10
29808.864429 10
29819.489217 10
29880.358735 9
29888.248952 9
29896.161767 8
29901.067326 8
29934.738992 8
29943.725895 8
29944.345071 8
29970.182029 8
30066.321173 8
30074.657384 8
30105.511325 7
30109.107973 8
30115.006682 7
30115.733571 8
30156.509161 8
30160.164576 8
30246.771507 7
30264.135558 7
30276.873439 8
30289.493633 7
30435.265334 7
30439.706401 8
30451.965376 7
30453.841937 8
30456.874535 8
30456.937452 9
30482.612637 8
30483.633291 8
30493.553320 9
30498.671707 8
30592.029043 7
30593.284579 7
30605.179898 7
30606.564655 7
30647.198833 7
30657.987220 8
30802.233994 8
30814.969089 8
30845.830989 8
30870.288417 7
31042.167164 6
31046.177029 7
31212.216092 7
31234.452378 8
31442.835670 8
31442.852127 9
31454.805023 9
31460.688051 10
31503.370225 10
31514.270982 10
31572.231184 10
31574.751806 11
31634.694930 10
31635.636097 10
31647.565397 10
31653.508432 11
31677.501189 11
31680.841568 10
31704.845671 10
31727.583081 11
31727.713568 12
31731.819051 11
31789.140861 11
31812.821395 11
31851.827775 11
31856.752884 11
31915.692828 10
31917.721259 10
31940.416547 9
31941.014033 10
31948.559259 10
31952.822441 10
31974.031176 10
31977.278283 10
32031.124415 9
32058.947178 10
32177.348688 10
32190.072210 10
32226.380432 9
32242.037108 10
32249.638308 11
32257.884747 11
32259.699730 10
32261.449194 10
32334.313136 10
32343.649349 11
32366.512792 11
32367.649054 11
32402.331570 10
32403.873635 11
32412.141568 11
32422.424292 11
32457.776784 10
32488.665980 10
32571.953201 10
32574.724828 11
32613.492601 11
32632.881349 11
32671.356772 10
32676.739626 11
32677.884162 10
32682.058309 10
32735.552083 10
32757.858297 10
32844.519696 10
32856.249002 10
32867.542857 9
32891.171061 10
32921.680545 9
32923.916769 9
32931.362899 10
32944.207551 10
32984.478675 9
33013.780283 9
33032.194804 9
33038.566973 9
33096.565322 8
33105.519123 9
33110.654725 10
33138.650147 9
33208.542286 9
33214.146762 10
33217.250587 9
33219.429553 9
33429.991119 9
33441.379915 10
33593.976812 9
33617.768014 9
33700.915943 8
33701.254696 9
33701.692236 10
33704.531698 9
33803.800288 9
33805.353414 10
33937.173571 9
33955.608284 10
33965.178678 9
33966.637455 10
33974.466966 9
33976.688244 9
33995.997145 8
33998.645389 8
34005.877309 8
34006.657019 9
34041.378169 9
34058.550935 9
34160.247171 9
34162.753049 10
34265.496104 10
34283.421447 10
34291.979118 9
34300.682195 9
34532.050140 8
34532.560995 9
34621.998474 9
34625.883542 9
34633.045696 8
34635.487779 9
34678.316771 8
34687.271969 8
34744.716383 7
34770.396632 7
34795.778956 7
34803.159656 8
34865.359264 8
34867.614004 9
34895.819870 9
34898.737482 9
35037.279303 9
35038.127463 9
35045.113174 8
35060.110087 9
35061.397258 9
35074.830133 9
35122.251101 8
35131.080203 9
35133.130286 9
35133.545509 10
35133.973748 9
35146.643621 9
35147.417827 10
35152.946185 10
35171.404957 10
35178.954004 10
35196.436468 9
35208.758803 9
35224.634815 9
35225.288135 9
35230.999631 8
35234.081139 9
35249.837459 8
35263.700117 8
35389.139199 8
35401.646379 8
35422.769178 7
35427.105306 8
35496.136312 7
35496.473169 7
35575.227923 7
35577.574491 8
35632.153766 7
35632.821324 8
35684.701092 8
35692.573046 8
35733.296143 8
35737.101200 8
35910.522947 8
35916.029915 9
35969.539626 8
35974.706228 9
35978.699091 10
35982.718068 9
36017.870002 8
36045.870731 8
36072.132048 8
36075.021245 9
36094.430762 9
36112.396502 10
36243.148653 9
36245.236232 9
36260.018260 9
36271.842610 10
36327.162826 9
36334.274937 9
36338.227986 9
36339.968108 10
36357.098761 9
36371.952379 10
36375.884149 11
36388.211904 10
36395.775336 9
36403.044129 9
36421.580521 10
36427.473780 10
36559.798377 9
36560.299498 10
36587.053343 10
36588.165301 10
36636.941736 10
36655.110488 10
36707.703512 9
36710.659258 10
36738.590771 9
36761.560135 9
36816.894355 9
36821.073989 9
36840.031030 9
36841.370983 8
36873.230818 7
36883.159579 7
36955.229057 6
36961.479596 6
36969.255601 6
36980.793705 6
36988.693864 6
36991.213649 7
37049.282019 6
37049.503050 6
37157.834540 6
37180.470351 6
37263.297872 5
37268.808654 5
37405.251375 5
37412.560742 5
37443.165739 5
37446.798342 6
37446.954162 7
37458.059264 7
37486.571039 7
37487.870254 8
37503.696281 7
37506.859733 7
37508.845506 6
37516.628721 7
37651.974827 7
37662.305529 7
37669.388479 7
37672.773941 7
37687.637081 6
37699.934144 7
37769.014527 6
37773.302093 6
37819.891235 6
37820.013767 6
37839.072228 6
37840.893937 6
37885.431797 6
37889.689564 7
37941.555723 7
37972.041829 7
38023.696104 7
38024.639862 7
38049.552857 6
38079.237427 6
38096.093264 6
38101.431808 6
38123.574550 6
38125.550201 7
38284.271238 7
38297.017101 8
38360.518784 7
38365.496826 8
38383.008265 7
38383.328872 8
38393.007197 7
38395.199655 8
38411.202905 8
38418.128639 7
38711.264874 7
38719.238335 7
38735.980951 7
38738.290465 8
38742.551155 8
38754.188009 8
38828.156827 8
38841.562770 8
38855.060181 7
38858.891042 8
38902.124815 8
38922.151096 9
38973.368823 9
38983.807716 10
39154.061201 10
39159.903325 11
39160.408482 10
39163.346641 10
39268.324083 9
39277.421740 10
39346.825115 10
39349.288048 11
39373.145142 10
39388.234324 10
39388.452379 10
39389.745546 9
39389.760819 10
39393.954142 9
39457.511183 8
39467.815704 9
39538.551522 8
39546.313574 9
39547.772720 8
39565.680157 9
39580.961896 9
39597.447719 9
39765.119597 8
39766.824854 8
39772.863417 7
39774.315329 7
39789.857893 7
39800.786937 6
39885.362674 6
39894.869698 7
39903.868398 7
39906.969107 7
39918.006453 6
39918.380924 6
39919.536184 6
39919.988828 7
39992.860448 7
40015.011737 7
40021.508256 6
40032.133219 7
40112.291719 7
40113.673822 8
40118.297598 8
40126.177943 7
40169.915098 6
40176.747788 7
40299.804778 6
40304.289456 6
40317.440944 6
40319.493070 6
40593.699329 6
40595.422341 6
40736.277927 5
40752.943580 5
40763.717709 4
40764.640617 5
40819.038129 5
40821.670531 6
40840.626261 7
40857.908751 7
40867.656511 6
40875.584999 6
40877.545953 6
40889.492127 6
40889.676123 6
40890.164594 7
41020.264636 6
41031.438546 6
41063.306844 6
41066.188783 6
41078.783611 5
41082.833376 6
41089.460053 5
41093.154973 5
41149.645134 4
41168.225507 4
41300.211838 3
41317.908123 3
41397.369378 3
41416.059162 3
41417.114588 3
41436.526549 4
41457.257556 3
41458.836435 4
41459.490289 4
41471.480285 4
41494.408801 5
41508.597846 4
41562.489317 3
41583.986631 3
41663.061068 2
41666.783198 2
41719.971494 1
41723.216003 1
41726.087990 1
41726.367139 2
41739.272979 2
41754.482727 1
41759.649235 0
41765.110599 1
41936.765939 1
41942.316678 2
41963.130276 1
41989.595997 1
42052.811461 0
42059.941780 1
42061.446074 1
42073.819747 2
42144.034159 1
42147.285549 1
42284.094931 1
42291.093323 1
42294.547361 0
42305.007895 1
42397.246064 1
42398.250115 2
42426.792086 1
42433.059826 1
42475.882051 1
42483.181208 1
42567.861123 1
42579.582962 2
42622.173174 1
42624.751196 2
42693.577306 1
42694.445657 2
42766.211795 2
42771.035766 2
42850.517197 1
42852.108313 1
43078.749124 1
43097.228104 1
43150.335107 1
43168.888482 1
43183.367687 1
43186.063858 2
43304.050420 1
43308.451779 2
43417.744002 1
43428.152616 1
43434.307926 2
43443.627964 1
43461.142677 1
43461.470130 2
43472.678009 2
43479.052929 3
43523.463029 2
43543.027123 3
43567.050970 2
43571.079277 2
43684.754184 1
43684.936514 2
43723.166903 1
43727.933169 2
43885.140571 1
43891.117840 2
43989.999667 1
44001.321367 2
44105.084636 2
44145.944262 2
44247.812949 1
44251.728616 2
44266.063529 2
44279.030315 2
44297.874080 1
44300.078489 2
44362.682678 2
44366.179971 3
44374.066442 2
44390.904347 2
44397.423058 1
44404.583311 1
44515.279883 1
44515.794443 2
44569.250854 2
44593.696191 2
44807.775790 1
44811.661841 2
44918.328766 2
44922.934553 2
45003.514569 1
45007.823441 2
45045.173525 2
45052.925643 2
45219.725096 2
45253.016483 3
45260.229182 2
45263.097087 3
45395.453665 3
45408.275841 3
45493.132262 3
45494.402029 4
45507.364878 5
45531.676873 4
45554.127065 4
45566.204176 4
45599.787129 4
45606.325163 5
45606.792383 4
45616.984798 5
45787.021213 5
45787.224370 6
45815.170240 5
45818.310799 6
45819.525811 6
45828.914605 6
45906.717869 6
45927.701929 7
45994.714297 6
45998.077765 6
46132.695859 5
46134.227117 5
46137.598195 5
46142.114827 5
46158.500479 5
46172.352805 6
46216.340933 5
46233.477996 6
46321.289161 6
46322.194410 6
46326.546896 6
46333.268828 6
46342.279155 6
46356.017887 6
46516.996441 6
46529.044344 6
46560.255959 6
46575.815696 7
46587.439664 8
46587.906804 9
46606.959807 9
46613.464154 9
46618.279823 9
46631.290206 9
46683.407194 8
46687.256093 9
46707.945982 9
46716.982446 9
46734.108999 10
46749.686561 11
46754.498856 11
46756.482590 11
46764.702317 10
46773.985746 11
46774.546158 11
46776.104286 10
46795.806667 10
46803.713444 9
46824.410847 9
46829.357691 9
46846.665211 8
46848.510228 9
46979.594462 8
47008.151393 9
47200.649493 9
47201.723075 9
47206.442540 8
47210.400524 9
47272.662666 9
47273.791114 9
47323.133050 9
47325.788799 10
47342.129865 10
47355.355044 11
47370.443660 11
47370.808048 11
47474.637864 10
47477.811518 11
47481.703495 11
47482.478659 11
47585.702347 10
47591.019196 10
47603.149468 10
47615.294839 10
47625.430817 10
47654.168691 10
47667.890141 10
47669.711503 10
47670.263854 11
47673.179297 11
47684.467120 10
47687.590502 11
47717.996105 10
47722.381014 9
47727.143081 9
47728.891007 9
47838.918853 9
47843.356697 10
47879.187310 10
47883.657195 10
47889.297038 9
47898.720089 9
47967.250472 8
47968.980903 9
47990.072470 9
47996.256419 10
48040.632968 10
48053.961203 11
48094.084277 10
48114.294578 10
48148.899114 9
48157.685956 9
48194.635446 8
48202.728769 9
48222.557843 10
48223.717583 10
48320.835553 9
48339.514809 10
48360.042391 9
48361.271647 10
48372.784973 10
48377.008891 11
48425.356416 11
48429.634813 12
48479.511386 11
48483.299811 11
48500.103756 11
48501.997731 12
48595.527840 12
48598.342638 12
48625.027195 13
48643.277322 13
48643.641304 12
48647.556269 13
48667.841028 13
48672.640484 13
48715.276164 13
48715.840517 13
48725.821479 12
48727.919541 12
48749.248489 12
48759.794437 12
48769.045748 13
48787.094723 13
48791.867626 13
48805.836814 13
48853.139759 12
48873.896985 12
48923.591001 12
48924.847934 13
49032.327985 12
49043.763178 12
49061.770851 11
49072.215188 11
49194.777385 10
49195.349523 10
49208.725268 9
49219.557517 10
49325.629285 10
49329.468672 10
49375.611674 9
49381.803887 9
49418.192402 9
49423.625085 9
49426.529496 9
49455.953915 9
49501.151413 8
49506.512895 8
49547.066210 8
49552.733656 9
49568.355150 8
49575.026864 8
49576.115059 7
49579.095210 7
49713.372943 7
49720.885269 8
49801.444188 7
49803.085406 8
49921.356081 7
49921.663082 8
49923.765367 8
49927.570105 8
49952.504429 7
49958.287902 8
50057.519486 8
50058.110099 8
50064.867577 9
50069.424601 8
50074.595222 7
50102.513174 7
50232.956585 6
50234.498257 7
50376.773526 7
50377.009479 8
50432.216932 7
50433.419663 8
50474.919095 7
50488.155083 7
50859.012463 7
50882.920356 8
50901.772659 7
50903.955786 8
50987.470263 8
50997.373452 8
51026.328823 7
51045.081023 8
51119.499232 7
51130.724200 7
51202.979888 7
51207.340687 7
51349.227477 6
51351.071808 6
51497.542432 5
51497.897487 5
51544.968077 5
51559.751754 6
51740.281272 5
51754.303946 5
51893.744550 4
51921.919378 5
52006.373816 5
52011.461206 6
52046.168580 6
52067.693126 6
52397.468682 5
52400.485709 5
52502.579479 5
52509.967848 5
52515.021851 4
52519.337014 5
52527.884117 4
52539.387774 4
52663.905133 3
52670.993369 3
52706.790459 4
52715.732147 4
52775.721654 3
52780.627935 3
52876.037517 2
52884.326293 2
52923.078699 1
52924.684868 1
52943.867224 1
52951.004626 1
52967.509647 0
52992.337651 1
53046.537661 1
53049.749151 1
53063.340910 2
53071.081997 1
53092.460905 1
53093.589538 1
53149.830818 1
53157.007799 2
53170.425066 2
53197.911024 3
53203.520927 2
53211.538521 3
53243.192393 3
53271.853765 3
53353.414937 3
53355.720356 4
53373.071339 4
53373.841114 5
53407.099941 5
53425.052639 5
53427.128461 5
53433.801859 4
53485.480999 4
53488.980286 4
53673.671557 4
53684.420599 5
53696.011149 4
53699.610594 4
53711.804476 4
53741.549623 4
53743.206871 3
53755.761091 3
53840.400822 2
53852.763345 2
53899.029754 2
53900.546724 2
53973.333609 1
53980.443895 1
54005.401353 0
54005.433758 1
54013.733666 1
54024.319491 1
54200.991732 0
54202.694223 1
54602.187225 1
54618.415403 2
54630.520889 1
54636.789152 1
54675.910239 1
54678.640538 2
54683.202422 3
54691.572394 4
54709.539307 3
54736.107918 2
54805.532436 2
54816.805234 2
54817.982194 2
54847.652254 3
54932.137610 3
54936.875668 4
54963.137018 4
54964.452377 5
55046.635729 4
55049.835273 4
55189.049951 4
55199.620015 4
55236.116334 4
55237.372389 5
55258.176757 5
55263.274890 5
55305.565054 4
55307.764176 4
55325.678217 3
55326.775061 3
55360.604878 3
55364.780462 4
55370.419263 3
55371.352115 3
55416.542050 2
55431.939895 2
55490.857880 2
55497.033422 3
55687.014231 2
55699.544890 2
55756.214253 1
55784.044553 1
55803.493108 2
55808.171286 2
55862.257337 2
55872.389976 3
56088.222072 3
56100.264057 3
56105.163679 3
56105.385274 4
56107.392225 5
56107.971486 4
56188.844090 3
56189.857004 4
56264.297930 4
56266.115788 4
56353.493763 4
56358.757015 4
56371.152040 3
56373.006388 3
56411.141476 3
56414.800783 3
56538.277123 2
56568.742740 2
56570.687577 2
56575.169810 3
56685.480138 2
56689.459043 3
56740.421789 3
56754.106035 3
56877.219907 3
56880.681357 4
56930.595314 3
56937.053385 4
57094.059405 3
57112.508464 4
57280.222459 3
57286.517236 4
57324.662005 3
57382.453652 4
57419.617617 3
57425.873761 4
57593.724625 4
57599.807522 5
57745.776999 5
57749.729483 5
57841.947759 4
57850.158553 5
57934.517463 4
57935.059351 4
57981.470357 4
57998.327800 4
58020.638347 4
58027.931878 5
58045.722997 5
58052.728511 6
58057.198769 6
58075.451982 7
58079.287429 7
58088.897198 8
58090.642097 8
58124.294175 8
58189.366473 7
58191.338339 8
58205.456645 8
58209.790426 9
58210.756720 9
58235.140147 9
58238.102074 9
58250.499625 8
58311.359716 8
58311.672199 8
58319.374369 7
58351.674751 8
58403.595212 8
58405.176621 8
58412.058987 7
58441.214425 8
58453.721668 7
58459.439491 7
58619.674096 7
58623.493147 8
58641.195263 7
58657.605133 8
58670.039825 8
58670.559631 9
58674.012381 8
58675.218644 7
58687.858274 7
58695.553158 7
58702.075262 7
58710.697157 7
58720.860874 7
58726.841784 7
58806.409981 7
58815.528253 8
58822.432780 8
58826.269612 8
58863.583533 7
58866.176622 8
58899.121670 7
58908.377850 7
58945.498245 7
58947.387843 7
58958.569611 7
58959.731704 7
58969.125329 6
58969.627818 6
59042.104526 6
59045.992899 7
59046.924309 6
59049.686765 6
59066.968048 6
59067.614110 7
59097.766073 6
59115.657491 6
59120.930957 5
59126.229545 6
59143.853919 5
59145.958839 6
59169.391237 5
59170.003149 6
59317.240260 5
59326.456648 6
59378.528469 5
59378.560547 6
59422.694293 5
59446.332725 6
59906.958970 5
59921.189513 6
59940.416271 5
59955.243898 6
59956.594267 6
59957.794875 7
59959.359564 6
59969.851585 7
60180.307582 6
60182.835837 6
60199.306669 6
60211.863244 6
60212.963292 5
60217.023985 5
60240.772555 5
60251.964126 5
60326.799715 5
60329.199278 6
60440.158332 6
60447.835449 7
60459.935967 6
60461.772717 7
60552.173990 6
60556.012864 7
60718.427599 6
60725.225938 6
60742.682974 6
60745.112133 6
60745.874413 5
60753.888250 6
60830.009669 5
60837.362259 5
60885.096746 5
60893.540486 5
60897.915247 4
60905.346718 4
61107.155977 4
61127.002536 5
61145.078452 5
61149.563725 6
61158.676262 6
61165.865320 5
61408.983781 5
61413.841816 6
61470.636377 5
61474.836444 6
61490.896004 5
61491.179605 6
61529.720124 5
61539.405339 5
61551.860974 5
61552.280625 5
61574.110313 4
61587.187027 5
61589.799141 5
61608.054848 4
61654.540634 3
61676.007241 4
61684.436291 4
61691.681156 4
61744.255945 4
61769.179028 4
61771.648500 4
61777.817542 5
61860.620456 5
61863.290123 5
61874.977523 5
61880.477740 6
61896.459141 5
61924.635952 4
62053.366190 3
62074.750106 4
62103.709732 4
62125.751747 4
62128.621947 4
62138.297018 4
62164.399700 4
62177.844071 5
62192.954934 5
62194.203459 5
62218.554005 5
62221.680760 5
62275.095300 4
62279.802278 4
62392.821318 3
62411.885505 3
62418.744087 2
62428.861821 2
62438.248087 2
62444.630273 2
62656.749237 1
62659.801484 2
62772.458196 1
62805.491344 2
62967.932079 1
62971.132846 1
63080.166443 1
63095.629776 2
63130.931620 2
63137.213868 3
63256.722583 3
63258.793612 3
63259.941111 2
63263.673582 3
63267.108003 2
63271.260317 3
63298.967634 2
63305.709756 3
63361.602866 2
63368.874525 3
63387.254262 2
63436.518437 3
63566.791884 2
63567.395702 3
63592.543727 3
63598.300435 3
63604.467591 2
63606.454239 2
63618.735119 1
63635.769846 2
63636.574377 2
63640.462922 2
63652.986211 1
63653.010311 1
63653.096406 2
63657.120133 3
63689.450750 2
63712.527901 1
63846.776908 0
63878.120444 1
63966.951032 1
63972.675614 2
64004.944966 2
64008.299065 3
64016.649093 3
64022.668307 3
64062.714696 3
64073.088309 3
64119.439847 3
64126.762567 3
64133.186926 3
64147.728859 4
64148.426181 3
64148.522672 3
64156.653799 3
64160.177445 2
64230.006634 2
64230.481725 3
64322.384705 2
64328.293428 2
64403.873546 1
64415.880786 2
64430.923456 2
64434.432377 3
64563.768116 3
64565.504621 3
64627.720145 2
64648.125129 2
64796.137657 1
64807.735542 2
64905.970066 2
64924.421374 3
64974.738261 2
64978.434514 3
65009.426781 3
65014.165372 3
65021.282845 2
65031.314465 3
65078.175583 2
65079.401513 3
65152.790682 2
65166.901764 3
65169.419566 4
65178.705998 3
65214.166080 2
65217.330094 2
65276.098106 1
65288.266508 1
65308.339688 1
65309.357598 2
65347.439505 2
65350.892652 2
65522.240935 2
65522.493203 3
65523.471145 3
65545.195169 2
65597.351797 1
65607.813133 1
65620.940924 1
65633.052651 1
66024.706513 1
66050.831368 2
66107.506245 2
66114.905329 2
66183.478738 1
66193.089998 2
66247.254121 1
66254.758094 2
66258.967679 3
66264.479054 3
66272.755185 2
66278.230078 3
66324.707325 3
66333.766569 3
66370.012094 3
66370.882716 4
66398.716583 3
66400.222942 4
66401.236914 4
66419.112287 4
66419.509560 4
66423.354441 3
66499.632472 2
66504.025139 2
66507.899722 3
66532.397659 2
66592.156727 2
66600.657771 3
66609.100643 3
66616.009386 3
66751.686569 2
66758.075722 2
66997.734286 2
67001.863580 2
67120.720991 2
67126.425263 3
67132.240221 2
67139.096468 3
67244.556652 2
67246.844746 2
67294.624262 2
67296.827978 2
67320.036155 1
67332.559970 2
67376.436147 2
67377.466406 3
67389.129821 3
67398.225354 3
67422.970926 2
67424.906125 3
67436.495267 3
67445.134944 3
67455.701612 3
67471.521952 3
67518.258791 2
67519.005866 3
67523.984704 3
67528.587222 2
67530.447197 2
67547.579577 1
67828.416885 1
67845.881221 2
67935.513051 2
67958.929560 3
67988.590977 3
68010.621060 4
68042.013955 3
68059.930242 4
68067.622262 3
68091.770000 3
68190.290930 2
68195.513751 3
68282.539405 3
68296.365783 3
68337.114142 3
68338.246916 3
68417.693091 3
68435.349033 3
68457.671785 2
68459.267410 3
68506.850565 3
68508.086809 4
68618.333209 4
68626.689950 4
68851.936911 3
68854.165784 3
68982.594424 3
69014.865347 3
69021.344721 4
69026.648300 4
69032.139466 3
69053.767237 4
69061.299238 3
69069.589559 4
69165.782369 3
69172.698699 4
69187.131249 4
69188.351979 4
69208.056151 3
69225.705737 3
69387.459279 2
69393.025053 2
69463.382535 1
69478.953384 2
69763.851172 2
69765.578588 3
69771.595271 3
69783.163105 3
69813.678405 2
69818.687667 2
69849.501714 1
69880.610197 1
69890.322032 1
69898.856985 2
70033.428874 1
70047.027726 1
70048.252382 2
70052.447732 2
70086.497953 2
70096.795141 2
70140.346254 1
70142.806950 1
70163.222526 0
70170.901312 1
70215.782863 1
70224.447389 1
70389.213581 1
70390.654163 2
70486.276064 1
70490.491248 1
70511.950681 0
70513.869976 1
70518.376595 2
70519.465696 1
70646.032105 1
70661.044571 2
70812.623740 1
70824.548628 2
70909.794576 2
70912.964476 3
70920.933218 3
70921.662538 2
70957.344921 2
70961.294871 3
71015.221162 3
71019.635190 4
71064.468958 4
71098.671307 5
71121.544564 5
71124.660166 6
71160.134978 6
71165.598277 6
71172.759104 6
71186.644422 6
71280.219426 6
71295.242324 6
71381.109318 5
71384.385272 6
71438.227130 5
71462.218430 6
71476.951968 6
71510.386971 6
71541.606899 5
71545.918455 5
71583.106271 4
71591.493218 4
71607.309609 3
71607.397757 3
71658.657233 2
71660.210043 3
71697.178916 3
71707.563334 4
71711.889312 3
71720.943427 4
71726.849828 5
71727.028655 4
71738.462637 4
71739.918167 3
71776.043561 3
71779.761367 4
71840.925470 3
71868.755644 4
71871.167936 3
71874.731551 4
71916.419984 3
71920.174131 3
72039.363746 3
72039.698183 4
72168.282585 4
72171.753547 5
72195.024541 5
72209.354844 5
72210.147202 4
72223.450109 4
72272.151102 4
72276.816188 5
72297.456108 4
72313.945674 5
72321.504240 5
72334.396220 6
72451.848006 6
72452.889591 6
72454.082330 5
72459.594796 6
72470.470137 7
72479.097803 6
72498.171324 6
72504.020529 6
72511.567061 5
72547.090804 5
72648.154830 4
72654.953895 4
72679.275310 4
72708.280196 5
72756.803437 4
72765.690698 4
72864.398811 3
72865.427826 4
72872.128848 4
72876.157847 5
72906.200863 5
72930.779607 5
72936.280469 5
72945.415705 6
72952.594739 7
72971.529012 7
72973.612978 7
72973.921883 6
72974.847341 5
72978.417418 5
72982.343341 5
72988.682778 6
73062.439595 5
73089.855473 5
73119.351627 5
73128.526241 5
73144.653932 5
73147.823191 5
73229.326507 4
73233.514494 5
73241.858455 6
73259.732681 5
73505.207917 4
73511.077623 4
73553.043218 4
73564.912837 5
73882.477856 4
73884.684013 5
73968.596704 5
73976.855958 5
74042.202097 4
74043.269882 5
74121.470965 5
74123.891241 6
74181.869546 6
74187.663314 7
74218.191544 6
74227.617666 7
74233.109903 7
74242.671859 8
74251.878681 8
74256.151591 7
74258.019947 8
74270.895884 7
74337.548617 6
74369.039457 6
74369.072301 6
74369.847713 6
74370.115587 5
74378.626398 5
74378.743821 4
74379.554136 4
74415.227432 4
74416.739313 5
74572.719434 4
74581.324362 5
74790.701896 5
74801.627874 6
74811.479279 6
74812.757674 6
74817.336790 7
74840.315586 6
74866.195300 5
74880.714789 5
74934.528911 4
74938.546936 5
74959.492209 4
74980.183849 5
75001.487152 5
75013.948896 6
75017.457362 7
75028.424166 8
75048.009431 8
75057.934503 7
75058.097872 8
75084.409974 7
75096.449880 7
75101.629751 7
75152.470488 6
75172.862498 6
75214.980741 6
75216.665849 6
75226.713967 6
75248.988228 7
75309.271291 7
75316.242673 7
75321.854660 7
75324.388465 7
75367.258565 6
75371.478981 6
75379.241231 6
75384.455558 7
75407.708038 6
75410.802614 7
75433.606164 7
75444.265157 8
75551.505332 8
75554.879037 8
75602.111858 8
75610.219108 9
75653.876568 9
75660.910501 10
75684.623937 10
75690.825376 11
75708.444200 10
75717.550826 11
75799.169923 10
75833.900522 10
75864.501472 9
75865.114935 9
75889.957382 8
75895.437652 8
75916.399460 8
75933.991708 8
76100.304174 7
76116.187019 7
76118.762933 7
76123.938085 7
76223.783752 7
76246.197893 8
76254.188671 8
76262.691222 8
76325.146288 7
76326.132007 7
76433.649897 6
76434.003866 7
76445.514543 6
76469.580531 7
76472.364302 8
76485.266228 8
76492.242306 7
76493.862443 7
76566.548649 7
76591.973128 7
76640.850626 7
76644.648585 7
76647.657018 7
76657.235877 7
76841.045496 7
76865.700778 8
76896.934661 7
76899.375554 7
77123.440107 7
77125.301562 8
77176.171197 7
77178.296146 7
77307.157295 6
77308.271745 6
77360.810575 6
77365.870234 7
77402.291720 6
77410.824663 6
77502.089279 6
77504.854819 6
77575.495565 6
77577.179277 6
77598.395527 6
77612.513315 6
77670.665436 5
77676.931197 5
77684.902709 5
77685.337623 5
77687.594934 4
77688.613983 4
77713.912266 4
77716.700540 5
77718.626021 5
77723.080735 4
77864.370230 3
77866.721753 3
78139.071369 2
78141.592629 2
78281.300703 2
78301.434765 2
78316.541973 2
78327.254519 2
78346.683502 2
78347.694881 2
78356.977592 2
78357.038656 3
78379.150501 3
78396.184716 3
78440.521524 2
78445.957574 2
78455.947237 2
78465.173507 2
78500.446587 2
78506.020299 3
78571.601414 2
78589.194727 3
78627.381907 3
78628.744048 4
78629.279580 4
78630.199083 5
78640.500816 4
78646.697078 3
78655.827610 2
78677.750415 3
78683.224982 2
78705.495024 2
78793.002123 2
78818.711204 2
78879.491975 2
78880.340990 2
78911.271249 2
78926.102636 2
78965.473346 2
78973.169003 2
79019.042386 2
79027.498548 2
79034.123620 3
79041.420999 3
79333.008207 2
79333.264504 3
79440.414091 3
79447.191482 4
79561.135504 4
79572.965267 5
79576.387761 4
79589.131496 5
79623.279028 4
79631.855802 5
79676.059432 5
79677.851980 6
79701.676753 6
79705.308330 6
79719.266195 5
79721.380412 5
79756.255788 4
79764.333221 4
79859.824994 3
79864.414200 4
79928.820520 3
79961.072228 4
80117.724730 4
80124.790103 4
80129.231145 4
80146.733453 5
80242.729959 5
80243.859518 5
80263.709423 4
80264.608700 4
80274.259880 4
80294.848636 4
80376.968306 4
80385.021960 4
80507.345384 3
80507.728279 3
80557.981064 3
80576.577544 3
80577.460798 2
80581.931854 2
80594.599247 3
80598.439088 4
80607.317507 4
80625.535873 4
80628.248008 3
80634.387797 4
80640.809157 4
80642.797720 4
80784.373289 4
80791.252824 4
80836.569184 3
80840.196657 4
80915.093804 4
80926.726145 5
80979.742955 5
80986.924886 5
81026.539315 4
81029.087079 5
81034.339078 5
81034.736542 6
81036.110207 6
81043.497768 6
81060.064334 6
81079.466688 6
81095.381634 5
81107.706706 5
81112.600111 5
81118.164536 5
81145.845791 4
81159.830318 5
81166.393484 5
81209.821891 5
81213.653592 6
81214.013019 5
81295.699273 4
81308.105810 5
81331.925803 5
81338.892515 5
81573.655470 4
81600.377137 5
81620.075769 5
81620.356123 6
81691.766124 5
81692.374039 6
81699.089058 5
81717.644496 5
81727.760833 4
81749.151249 5
81784.402435 4
81787.587149 5
81795.124712 6
81806.068382 6
81822.046652 5
81824.666350 5
81831.654516 5
81844.666533 5
81890.559797 4
81898.956255 5
81949.685446 5
81960.083115 6
81977.802495 6
81985.526743 6
81989.294332 6
82003.305206 6
82007.223224 6
82014.120373 6
82019.262737 6
82019.611220 5
82036.899477 4
82057.229411 5
82112.577514 4
82126.584125 4
82136.837025 3
82137.806482 4
82154.142837 3
82157.588722 3
82170.697772 3
82177.560815 3
82202.066710 3
82205.836187 4
82270.222138 3
82271.278592 3
82353.963851 3
82359.128732 4
82461.504981 3
82489.187568 3
82529.813867 3
82530.914679 3
82567.632537 2
82568.966517 2
82635.343751 1
82647.736096 1
82657.035683 1
82694.970906 2
82740.690628 1
82742.207374 1
82755.372311 2
82770.036764 2
82876.195282 1
82893.893161 2
82900.452146 2
82903.332828 2
82919.141851 1
82921.970736 1
82974.177718 1
82986.138020 1
83089.615151 0
83090.677388 1
83206.619945 0
83206.674690 1
83211.086238 2
83215.471968 2
83218.977486 3
83247.747703 2
83324.108284 2
83347.040936 2
83390.520976 1
83403.349983 1
83432.640858 1
83433.699653 1
83451.364234 2
83484.173751 2
83506.203503 2
83507.172301 3
83705.586005 2
83716.675208 3
83745.211189 3
83754.135016 4
83785.655423 3
83788.800876 4
83892.381823 4
83892.383668 5
83936.280668 5
83942.905832 5
83955.499284 5
83959.727107 5
83991.413304 4
83997.507448 5
84062.413434 5
84082.336172 6
84105.518856 5
84109.153755 5
84171.998075 5
84177.653123 5
84240.128303 4
84241.527939 4
84249.142645 5
84254.961468 5
84305.532052 5
84310.102386 6
84325.482164 6
84331.516905 6
84336.433619 6
84339.353944 6
84340.536532 6
84345.069144 5
84377.990819 5
84402.565582 5
84448.030390 4
84459.329943 5
84494.863236 4
84498.448592 5
84708.469544 5
84717.810880 5
84760.283066 4
84761.909100 5
84880.370249 4
84884.936401 4
84902.860641 5
84906.152506 5
84929.985920 5
84930.078892 5
84994.457501 4
84999.814243 4
85090.297543 3
85096.966410 4
85252.069986 4
85264.253450 5
85327.883818 5
85331.769905 6
85499.295634 6
85500.707235 6
85506.271516 6
85508.323225 6
85563.675758 5
85570.288618 6
85622.817376 5
85628.030047 6
85719.285799 6
85743.737820 6
85784.474841 6
85785.632013 6
85841.938186 5
85843.601153 5
85854.340602 4
85854.773054 5
85864.709295 5
85867.630876 5
85933.671076 5
85939.597756 6
85941.997487 6
85952.874650 7
85965.621431 6
85977.691580 6
86005.296811 7
86032.466897 6
86188.028037 6
86200.617117 7
86200.832547 7
86202.954014 7
86225.756337 7
86228.364985 7
86276.845758 6
86285.510356 6
86383.613579 6
86399.444221 6
86595.443797 5
86618.754241 5
86742.682962 4
86743.421567 5
86781.652770 5
86786.032566 5
86804.705168 5
86811.900768 6
86822.355730 6
86822.746541 6
86899.325446 5
86900.524478 5
86934.321246 5
86936.821155 5
86944.104484 4
86947.098054 5
86995.089126 4
87009.378653 5
87091.897539 5
87102.399242 6
87118.798035 5
87146.917587 6
87203.716446 6
87217.966386 7
87244.125167 7
87258.372308 8
87311.473389 7
87314.631423 7
87348.736427 7
87361.173004 7
87395.491679 6
87399.879552 7
87416.893936 7
87420.503692 7
87497.556315 6
87501.085308 6
87508.475464 7
87509.345248 7
87541.660510 7
87552.907053 7
87555.342135 7
87556.538409 6
87561.557911 6
87582.379553 7
87662.271800 6
87666.531470 7
87683.143036 8
87704.813889 7
87819.634496 6
87828.042342 7
87840.011334 7
87846.518836 7
87997.149718 6
88001.880260 7
88018.337582 7
88019.660373 7
88026.787757 7
88052.599301 8
88052.758679 9
88055.935430 9
88106.457902 9
88107.727989 10
88211.242549 10
88211.784978 11
88224.703462 10
88225.585414 11
88308.130091 10
88322.336724 11
88344.357088 11
88363.549107 11
88366.198130 10
88367.776008 10
88461.721083 10
88467.098849 11
88527.783138 10
88534.360208 10
88545.193796 10
88548.133660 10
88561.271346 10
88572.078118 10
88616.946681 9
88619.740097 10
88625.307479 9
88629.589034 10
88853.268793 10
88857.466448 11
88911.204816 10
88931.358519 11
89001.312230 11
89008.886207 11
89056.858944 10
89072.222254 10
89073.003345 11
89073.681493 10
89309.731298 9
89316.387464 10
89411.110092 9
89413.951984 10
89529.176833 9
89536.435811 10
89537.049182 11
89543.585096 11
89543.949910 10
89544.094540 9
89556.931460 9
89557.090031 9
89560.126950 10
89566.971250 9
89578.104473 9
89584.692316 10
89590.927538 10
89592.189959 10
89622.725971 9
89632.385816 9
89720.742118 8
89730.259318 8
89741.589254 8
89766.885614 7
89874.768160 7
89879.178379 7
89910.209562 6
89912.452756 6
90067.532438 6
90092.708657 7
90185.016405 6
90199.388527 7
90369.841581 6
90374.844384 6
90569.766119 5
90576.148434 5
90647.641986 4
90655.819099 5
90728.150102 5
90729.965129 6
90797.905806 6
90803.206508 7
90819.032556 7
90829.273425 7
90832.346010 8
90836.374258 7
90851.325527 7
90867.953571 7
90872.418923 7
90876.513478 7
90996.431789 6
91013.996972 6
91018.060101 6
91021.228994 7
91050.936748 6
91061.012158 6
91307.811277 5
91310.079448 6
91312.599134 6
91327.069074 6
91363.967615 6
91364.301599 6
91375.041461 6
91384.379415 7
91420.110841 6
91420.703862 6
91483.066399 6
91491.536350 6
91563.222096 5
91567.049068 6
91574.939537 7
91586.255338 6
91627.141591 6
91643.028403 7
91651.123074 7
91678.496002 6
91679.214693 6
91684.422806 7
91688.282983 7
91698.382061 6
91704.553122 5
91713.243974 5
91817.281467 5
91821.228733 5
91828.799334 4
91839.657136 4
91844.469859 4
91846.627615 5
91850.176722 5
91852.321345 5
91900.323020 4
91903.541696 4
92002.288272 4
92022.586485 4
92069.040381 3
92071.774445 3
92148.786909 2
92150.903794 2
92182.265103 1
92190.191917 2
92261.668596 2
92281.898606 2
92319.886027 1
92332.469298 1
92444.471831 1
92447.339612 1
92554.247669 1
92558.700220 1
92566.038908 1
92575.714621 1
92653.939459 1
92656.736291 2
92672.462338 1
92674.342654 2
92758.837390 1
92776.964050 1
92938.666532 0
92949.821580 1
93085.153497 1
93098.954422 1
93134.920296 1
93137.219478 1
93237.014290 0
93244.514432 1
93438.445273 0
93450.165642 1
93480.169716 0
93547.687433 1
93549.026666 1
93574.300930 2
93884.296226 1
93904.916284 2
94212.198915 1
94219.807441 2
94246.138449 2
94249.051110 3
94261.323649 2
94261.385141 3
94262.232744 3
94274.231820 2
94376.129520 2
94376.693139 2
94393.996898 1
94406.613799 1
94419.944983 1
94426.199742 1
94469.421399 0
94476.024554 1
94533.922546 0
94548.721609 1
94625.519097 0
94641.735536 1
94664.227391 0
94680.011378 1
94737.221986 0
94782.969319 1
94841.805884 0
94843.013358 1
94891.710467 1
94895.968962 1
94999.229453 1
95022.903670 1
95026.838884 2
95033.134420 1
95047.122149 0
95050.230777 1
95059.606253 1
95078.128409 2
95128.695619 2
95144.334583 3
95325.276814 2
95325.355383 2
95348.303842 1
95349.494774 1
95427.581606 0
95450.442299 1
95501.720249 1
95517.645782 1
95610.811395 0
95611.997235 1
95754.308156 1
95767.584666 2
95856.359941 2
95857.817087 2
96040.619561 2
96040.699075 3
96304.050884 2
96306.063385 2
96521.424352 1
96525.629249 1
96644.701394 0
96647.836599 1
96687.101947 1
96688.766017 1
96804.843155 0
96826.888299 1
97170.307870 1
97171.683536 1
97173.837572 2
97193.490616 2
97259.074105 1
97263.608498 2
97284.684229 2
97298.221735 2
97354.777945 2
97357.578995 2
97443.078175 1
97462.754818 1
97646.170700 0
97653.649340 1
97689.996268 1
97695.036472 2
97738.678407 2
97741.093105 2
97768.568947 2
97777.570431 3
97782.193668 3
97789.575926 3
97848.655387 3
97888.052279 4
97925.463951 3
97925.595282 3
97950.181945 3
97964.288618 4
97971.624749 5
97975.663223 4
98082.608879 4
98086.207160 4
98096.952198 4
98110.436605 4
98137.042094 3
98144.983694 3
98155.378095 4
98157.012157 4
98262.729259 4
98264.524960 5
98292.564168 5
98330.758262 6
98341.254974 5
98354.123561 5
98433.650411 4
98441.621667 5
98449.757892 5
98458.563786 5
98503.986881 5
98508.659218 6
98672.889796 5
98676.859138 5
98680.973380 6
98688.613728 5
98860.873500 5
98906.247261 5
99067.273644 5
99067.546557 6
99078.944895 6
99087.237867 7
99088.770079 8
99094.385049 7
99279.367558 6
99279.465703 7
99305.993906 7
99311.227961 7
99313.523133 7
99327.271333 7
99496.442924 6
99496.687117 6
99578.265748 5
99592.247499 5
99613.429686 5
99622.859157 6
99651.137692 6
99657.722685 6
99698.143324 6
99714.252746 6
99723.568350 5
99730.416819 5
100000.000000 5
