# ID ArriveeSysteme TempsPresence SortieSysteme
1 94.022899 220.505882 314.528781
2 352.431933 19.390279 371.822212
3 759.262870 512.009887 1271.272757
5 2606.523578 27.923389 2634.446968
4 2541.487335 229.455841 2770.943176
6 2790.403320 11.691659 2802.094979
8 3403.506372 6.686299 3410.192672
10 4508.924210 25.436615 4534.360825
9 4233.952351 602.658307 4836.610658
11 4770.330632 481.599351 5251.929983
7 2795.037079 2609.111366 5404.148445
12 5103.760317 560.606844 5664.367161
14 5932.906840 50.066306 5982.973146
13 5531.722988 648.888525 6180.611514
16 7245.971300 2.472690 7248.443990
18 7395.311806 8.497826 7403.809632
15 7062.138086 367.546755 7429.684842
17 7250.887483 870.813638 8121.701121
19 7415.070086 740.606935 8155.677022
20 7600.140251 822.131493 8422.271745
22 8649.434957 4.347090 8653.782047
25 9526.648715 13.029061 9539.677776
26 9549.976562 0.532704 9550.509266
27 9886.057705 27.234322 9913.292027
29 10234.428246 23.918934 10258.347180
21 8623.511398 1635.686717 10259.198114
28 10070.913055 329.053168 10399.966224
23 9428.755435 1095.341082 10524.096516
31 11326.923020 11.000543 11337.923562
24 9505.222719 2059.665943 11564.888662
30 10905.753351 726.757519 11632.510869
32 11844.211726 4.689883 11848.901609
33 11976.685198 17.965282 11994.650481
34 12003.952005 7.058285 12011.010289
35 12517.330180 259.069633 12776.399812
37 13170.791631 54.932548 13225.724178
38 13233.105833 9.790185 13242.896018
36 13013.418548 846.991753 13860.410301
39 14065.734248 78.972238 14144.706486
40 14544.014969 3.693343 14547.708313
41 14792.485033 14.287834 14806.772867
42 14880.398292 1.977158 14882.375450
43 15017.414475 114.406165 15131.820640
44 15191.132652 1.029885 15192.162537
45 15287.776052 4.262253 15292.038304
47 16158.789151 4.961796 16163.750947
48 16216.848362 2.515863 16219.364225
46 15405.973482 1175.266498 16581.239981
50 16672.182253 3.434797 16675.617051
49 16625.580549 83.962021 16709.542570
51 17104.536580 28.267119 17132.803699
52 17193.049306 46.631083 17239.680389
53 17751.877921 21.894263 17773.772184
54 17809.606782 1.287342 17810.894124
55 18312.320042 254.288054 18566.608096
56 18784.104291 90.362204 18874.466495
57 19164.224327 86.010259 19250.234586
58 19514.345895 7.067741 19521.413636
59 19832.435266 52.399012 19884.834278
60 20211.223729 70.130551 20281.354280
62 20591.394460 14.708027 20606.102487
61 20431.285637 176.538046 20607.823683
63 20761.892630 403.111495 21165.004125
64 21503.908193 43.160262 21547.068455
65 21822.234512 45.199650 21867.434162
67 21978.907200 22.953556 22001.860755
66 21976.802448 1308.282342 23285.084790
68 23390.825849 130.243734 23521.069583
70 24021.621499 3.006640 24024.628139
71 24079.744317 0.065916 24079.810233
69 23865.533361 279.350313 24144.883674
72 24660.397042 52.658456 24713.055498
73 25423.580580 17.222336 25440.802916
74 26588.525967 106.373598 26694.899565
76 26876.448967 1.194137 26877.643104
77 27388.975490 6.773816 27395.749306
78 27763.332183 1.085319 27764.417502
81 28035.389288 4.557507 28039.946795
79 27871.046342 360.178442 28231.224783
80 27906.455620 376.770995 28283.226615
82 28350.595833 0.984169 28351.580001
75 26657.277499 1730.007462 28387.284960
83 28767.818343 176.529425 28944.347768
84 28795.287969 1144.630209 29939.918178
85 30344.974768 2.009361 30346.984130
87 33307.765626 0.929826 33308.695451
86 33278.963107 103.298060 33382.261167
88 34154.856422 281.344600 34436.201022
89 34402.396772 338.259059 34740.655830
90 34883.554425 303.424480 35186.978905
91 35210.341992 1.864658 35212.206649
92 35403.106617 262.173027 35665.279644
93 36565.476249 17.743104 36583.219353
94 36688.925886 4.004902 36692.930788
95 37008.975963 8.703543 37017.679507
96 37319.798391 20.279809 37340.078199
97 37625.967676 6.014974 37631.982651
98 37793.317247 3.902585 37797.219832
99 37936.380386 19.321946 37955.702332
100 38563.590941 211.617911 38775.208852
101 38992.815514 73.922858 39066.738372
102 39853.634504 14.797238 39868.431742
103 40779.930166 9.952195 40789.882362
104 41277.461315 1.347366 41278.808682
105 41542.507191 46.857745 41589.364936
106 41765.770788 1.729950 41767.500737
108 43883.129034 25.741691 43908.870724
109 44167.351388 11.880387 44179.231774
107 43023.575617 1286.495898 44310.071515
110 44929.934502 16.856721 44946.791223
111 45240.883580 12.973643 45253.857223
112 45409.117724 387.935040 45797.052765
114 45821.810087 2.337987 45824.148074
115 46486.953586 1222.192391 47709.145978
113 45585.846268 2272.270507 47858.116776
117 48452.644700 62.760766 48515.405466
116 48189.425426 565.909742 48755.335168
118 49286.318165 1.014647 49287.332812
119 50977.073428 492.611824 51469.685251
123 51592.378590 246.950679 51839.329269
120 51350.441098 491.888733 51842.329831
121 51402.871656 561.488708 51964.360363
122 51445.632027 1028.112172 52473.744198
124 52520.034349 12.473466 52532.507815
126 52807.820545 14.692614 52822.513159
127 53179.406701 196.450560 53375.857260
128 53595.317976 130.963188 53726.281164
125 52567.615846 1314.248638 53881.864484
129 56198.739738 66.706317 56265.446056
132 57596.331715 20.423906 57616.755621
130 57526.556167 220.933194 57747.489361
133 57825.258945 1.553823 57826.812768
134 57845.000979 57.602317 57902.603296
131 57588.955564 1275.430177 58864.385741
135 59652.959631 54.507466 59707.467096
137 60003.360128 14.323502 60017.683630
136 59833.960432 458.874470 60292.834902
138 60092.166678 334.903106 60427.069784
139 60240.622698 227.179339 60467.802036
140 61075.602294 13.198854 61088.801148
141 61526.991152 1274.782777 62801.773929
142 62974.155356 13.620740 62987.776095
143 63815.468119 7.955369 63823.423488
144 64160.630364 25.646889 64186.277253
146 64894.082350 12.718378 64906.800728
145 64887.589389 170.148784 65057.738173
147 65095.149667 10.860989 65106.010656
148 65521.393783 85.774817 65607.168600
150 66492.669872 435.108856 66927.778728
149 66283.167595 1322.888046 67606.055640
151 67770.356172 4.471965 67774.828137
153 70395.214678 2.660005 70397.874683
152 69023.280001 1405.466776 70428.746776
154 70487.307324 6.194867 70493.502191
155 71124.849293 58.751417 71183.600711
156 71437.320250 38.199065 71475.519316
157 71478.502333 8.452220 71486.954553
158 72009.177982 87.811805 72096.989787
159 72659.035001 367.275940 73026.310941
160 75858.581142 24.836742 75883.417884
162 76297.813184 15.532697 76313.345881
161 76283.811551 340.948213 76624.759764
164 76954.204236 13.813337 76968.017572
163 76800.750087 477.744499 77278.494586
165 78654.541353 119.832276 78774.373628
166 79172.563911 1122.021231 80294.585142
167 80236.068602 163.781768 80399.850370
169 80517.623250 51.480491 80569.103740
170 80619.401821 1.639552 80621.041373
168 80516.210616 473.712156 80989.922772
171 81244.353401 12.557645 81256.911046
172 81686.531904 2.653428 81689.185332
173 81940.048924 45.962488 81986.011412
174 82181.505846 4.458429 82185.964275
175 82366.668907 213.344532 82580.013438
176 83030.728480 36.511246 83067.239726
180 84781.712138 0.458889 84782.171027
177 84306.909781 526.522595 84833.432377
178 84518.146503 510.109614 85028.256117
179 84714.739320 384.983785 85099.723106
182 85582.181349 2.536329 85584.717678
181 85309.275358 712.897885 86022.173243
183 86398.672583 25.755166 86424.427749
184 87049.419148 84.912616 87134.331764
185 87365.660962 9.287818 87374.948780
186 87621.947926 1.922060 87623.869985
187 87825.659340 3.454797 87829.114137
188 87869.918519 16.424670 87886.343189
190 88708.396038 17.507022 88725.903059
191 88907.476649 13.344177 88920.820826
193 89362.065145 124.048999 89486.114144
195 90023.399257 5.940793 90029.340050
192 89037.599305 1042.887397 90080.486702
194 89413.610584 813.336985 90226.947569
189 88272.533590 1978.882730 90251.416320
197 91348.331453 43.265630 91391.597083
196 91251.244158 304.599853 91555.844011
198 92641.955780 5.888668 92647.844447
199 93174.828707 7.578398 93182.407105
200 94216.951933 15.175824 94232.127758
201 94334.801734 5.938346 94340.740080
202 94625.128421 1.977465 94627.105886
204 94955.308227 2.040357 94957.348585
205 95035.858862 3.572090 95039.430952
206 95221.445575 7.702019 95229.147594
207 95276.906515 3.365036 95280.271551
203 94891.072422 471.955046 95363.027467
209 96720.131129 44.156082 96764.287211
208 96664.173987 226.122781 96890.296768
210 97428.614132 6.154607 97434.768739
211 97667.460741 768.095412 98435.556153
212 98524.311219 2.661248 98526.972466
213 99228.776466 186.825249 99415.601715
