# ID ArriveeSysteme TempsPresence SortieSysteme
1 44.743443 2.166680 46.910123
3 373.988473 53.115536 427.104009
2 246.542834 673.954051 920.496885
5 919.727627 0.965880 920.693506
4 890.229823 252.261436 1142.491259
7 2110.808893 11.975418 2122.784311
6 1638.275236 541.573492 2179.848728
9 2541.678481 13.646293 2555.324773
10 2612.030684 10.190607 2622.221290
11 2728.543411 2.846003 2731.389414
8 2448.200746 775.716445 3223.917192
12 4003.351735 14.827525 4018.179260
13 4270.480939 308.534733 4579.015672
14 5260.049363 0.877152 5260.926515
15 5506.704262 10.563791 5517.268053
16 6201.273225 90.526128 6291.799353
17 6304.679315 306.657875 6611.337190
18 8457.257949 11.080902 8468.338851
19 8822.553032 45.687256 8868.240288
21 8953.288140 18.939495 8972.227634
22 9211.918026 1.088271 9213.006297
20 8839.879360 496.549029 9336.428389
23 9347.550112 17.829577 9365.379689
24 9582.730932 76.321160 9659.052092
25 9680.155395 210.910661 9891.066056
26 10324.807956 3.645991 10328.453947
27 10433.568827 6.365535 10439.934362
28 10673.007514 7.694419 10680.701934
29 11074.876567 25.792444 11100.669011
30 11497.657200 202.694505 11700.351704
31 11829.126162 9.845837 11838.971998
32 12322.490685 6.594302 12329.084988
34 14051.407212 3.506870 14054.914082
35 14285.016686 11.261396 14296.278082
36 14302.173857 24.025645 14326.199502
33 13855.370570 706.207957 14561.578527
38 16302.638090 20.399147 16323.037237
39 16328.454217 5.953321 16334.407538
37 16258.676072 106.500753 16365.176825
40 18505.758921 6.020343 18511.779264
41 19024.195880 7.933205 19032.129085
42 19278.348593 273.052015 19551.400607
43 19656.834630 27.131793 19683.966423
44 19716.349303 456.453573 20172.802877
45 19915.742342 669.480313 20585.222655
47 20731.580274 1.803610 20733.383884
48 20912.826344 0.441914 20913.268258
46 19976.287173 990.012980 20966.300152
49 20965.185890 116.960743 21082.146633
50 21004.842824 165.768036 21170.610859
51 21859.374382 7.565502 21866.939884
52 22307.576127 32.200201 22339.776328
53 22458.953483 59.975625 22518.929108
54 23074.664052 21.580344 23096.244396
55 23729.310484 0.671865 23729.982349
56 24155.312554 0.530077 24155.842631
57 24303.471265 218.958674 24522.429939
58 24804.992752 268.247887 25073.240638
59 26599.420779 10.688440 26610.109219
60 27010.731055 5.096632 27015.827687
63 29136.396936 6.474945 29142.871881
61 28575.800240 793.306513 29369.106753
64 29388.261499 0.211801 29388.473301
65 29438.555295 3.835015 29442.390311
62 28859.248395 676.914637 29536.163033
67 29668.140024 7.792332 29675.932355
69 30132.043245 1.342755 30133.386000
66 29659.681061 718.239760 30377.920821
68 29806.586220 924.825352 30731.411572
70 30500.321018 239.638084 30739.959102
71 31290.078759 340.324466 31630.403224
76 32322.938396 8.371746 32331.310141
73 31581.696516 1012.451083 32594.147599
74 31778.751269 1961.326669 33740.077938
77 33944.504617 61.036599 34005.541216
78 34071.089927 0.997924 34072.087851
75 31845.621473 2756.358098 34601.979571
80 35153.621411 7.590552 35161.211963
81 35386.716595 12.065469 35398.782064
72 31552.401637 3943.600125 35496.001763
82 35694.452062 4.126552 35698.578613
79 34985.855921 1966.077136 36951.933057
83 37224.841060 7.091250 37231.932311
84 38090.028173 11.204565 38101.232738
85 38848.533222 299.895190 39148.428412
87 39551.866906 104.958842 39656.825749
86 39059.095354 704.722885 39763.818238
88 40599.442468 8.034227 40607.476694
89 40687.209325 117.136376 40804.345701
90 41454.705809 3.587517 41458.293326
91 41612.837695 3.240885 41616.078580
92 41762.585081 1.560207 41764.145288
93 42032.446046 879.760229 42912.206275
94 42643.601414 640.684116 43284.285530
96 43651.121079 2.523319 43653.644398
95 43599.744961 902.440449 44502.185409
97 45013.672805 43.759014 45057.431819
99 45239.367359 23.293404 45262.660763
100 45478.771385 332.528741 45811.300126
98 45110.885523 915.276221 46026.161745
101 46308.332224 7.533792 46315.866016
102 46706.190787 6.856647 46713.047433
104 46843.099948 4.229999 46847.329948
103 46771.984587 263.422255 47035.406842
105 47016.433248 387.482575 47403.915823
106 47659.754864 4.846912 47664.601776
108 48036.855534 212.609960 48249.465494
107 47884.332029 686.517006 48570.849035
109 48715.876769 365.955926 49081.832695
110 49080.289384 8.004737 49088.294121
111 49839.544997 2.955819 49842.500816
112 50094.252315 7.228230 50101.480545
113 50243.971547 250.781485 50494.753033
114 50567.145884 1.547021 50568.692906
115 50616.932181 198.680821 50815.613002
116 51038.182837 9.269666 51047.452503
117 51810.587515 468.721436 52279.308950
118 52914.247897 8.555316 52922.803213
119 53100.164337 52.984226 53153.148562
120 53514.360993 56.664145 53571.025137
121 53635.009834 585.141523 54220.151358
122 54317.060862 781.353762 55098.414624
123 55198.596564 0.055012 55198.651575
124 55747.511000 37.088615 55784.599614
125 55891.335100 2.291282 55893.626382
126 55949.596870 3.858848 55953.455718
129 57620.602000 10.798609 57631.400609
128 57403.967909 234.194289 57638.162197
130 58178.463861 6.889149 58185.353010
127 56938.177265 1677.870654 58616.047919
131 58924.674313 6.880926 58931.555238
132 59235.950554 5.976622 59241.927176
133 59730.565617 14.244430 59744.810047
134 61010.485271 162.717816 61173.203087
135 61275.869059 69.261395 61345.130454
136 61395.970544 6.991181 61402.961725
138 62397.765638 84.583794 62482.349433
137 62311.492754 371.383420 62682.876173
139 62700.360568 309.225271 63009.585839
140 64889.037372 3.615930 64892.653302
141 65024.764694 236.784530 65261.549225
142 65311.531898 0.826571 65312.358468
143 66225.767830 1.363058 66227.130889
144 66314.703258 1.713132 66316.416390
146 66753.553035 12.214809 66765.767844
147 66849.950594 25.467825 66875.418418
148 67115.238486 7.772193 67123.010680
145 66646.630031 633.453378 67280.083410
149 67603.172007 51.110953 67654.282960
150 68215.078487 0.181814 68215.260301
151 69001.626814 7.432568 69009.059382
152 69808.393343 13.141483 69821.534826
153 70117.097605 5.509230 70122.606835
154 70506.381139 0.764603 70507.145742
155 70669.944684 8.631465 70678.576149
157 70924.496824 404.776568 71329.273392
158 71640.309849 186.707622 71827.017471
156 70700.420713 1386.097874 72086.518586
159 72666.843169 5.489762 72672.332931
160 72700.084389 17.087911 72717.172300
162 72867.114872 12.375025 72879.489897
161 72777.640903 360.709032 73138.349935
164 73942.739360 0.300191 73943.039552
165 74559.939080 2.934618 74562.873699
166 74820.360873 380.495031 75200.855904
168 75239.831560 3.925321 75243.756882
167 74853.681918 623.401824 75477.083742
169 75441.053936 152.282984 75593.336920
163 73893.513082 1934.448126 75827.961207
171 77104.583132 1.043349 77105.626481
172 77289.162262 1.583139 77290.745402
173 77497.889926 0.156597 77498.046522
170 77034.732797 514.449526 77549.182323
174 78543.756069 198.560206 78742.316276
175 80482.190879 102.387793 80584.578672
177 80846.467207 4.586866 80851.054073
178 80888.506094 13.421957 80901.928051
176 80823.031396 270.233928 81093.265324
179 81153.319886 181.576053 81334.895940
180 82077.743553 27.309403 82105.052957
182 82902.738832 6.822586 82909.561418
181 82602.748271 540.055951 83142.804222
183 83268.735046 153.299886 83422.034931
184 83841.224322 136.261810 83977.486131
185 84512.510868 5.893078 84518.403946
186 85100.186613 263.375914 85363.562527
187 85556.604803 1.919709 85558.524512
188 85955.191700 159.527098 86114.718798
189 86254.089476 5.070806 86259.160283
190 87176.422228 110.468720 87286.890949
191 87561.370546 47.057771 87608.428318
192 88091.453099 7.704531 88099.157630
193 88131.660779 3.432400 88135.093180
194 88267.220863 20.531188 88287.752051
197 89237.268124 42.778081 89280.046204
196 89036.393638 911.338614 89947.732252
195 88883.413368 1239.421622 90122.834989
198 89568.997341 583.222536 90152.219877
200 90165.362590 13.424015 90178.786604
199 89676.654239 592.807043 90269.461282
201 91642.946580 213.651179 91856.597759
203 92023.265082 4.178451 92027.443532
204 92172.177433 1312.110230 93484.287663
207 93032.634511 648.732762 93681.367274
208 93735.458258 47.072544 93782.530802
202 91818.543674 1999.571470 93818.115145
209 93822.045219 3.863162 93825.908381
210 94051.228306 2.819902 94054.048209
206 92854.826458 1581.332649 94436.159107
205 92649.069977 2149.886003 94798.955980
211 95203.833800 244.944926 95448.778726
212 95453.378722 11.981712 95465.360434
213 95543.775331 646.921546 96190.696877
214 97936.526410 44.723115 97981.249525
215 98478.631760 2.783098 98481.414859
217 99804.730246 27.794434 99832.524680
218 99925.190192 1.669694 99926.859886
